0	-9.76846225490267	10.256	15
0.01	-9.76822307714237	10.405182510964	14.9023214169685
0.02	-9.76798389938208	10.5533880804398	14.8046451224758
0.03	-9.76774472162178	10.7006167325543	14.7069711172508
0.04	-9.76750554386149	10.8468684914419	14.6092994020226
0.05	-9.76726636610119	10.9921433812441	14.51162997752
0.06	-9.76702718834089	11.1364414261097	14.413962844472
0.07	-9.7667880105806	11.2797626501948	14.3162980036076
0.08	-9.7665488328203	11.4221070776628	14.2186354556557
0.09	-9.76630965506001	11.5634747326841	14.120975201345
0.1	-9.76607047729971	11.7038656394367	14.0233172414046
0.11	-9.76583129953942	11.8432798221055	13.9256615765633
0.12	-9.76559212177912	11.9817173048831	13.8280082075498
0.13	-9.76535294401883	12.1191781119689	13.7303571350931
0.14	-9.76511376625853	12.2556622675699	13.6327083599219
0.15	-9.76487458849824	12.3911697959002	13.5350618827649
0.16	-9.76463541073794	12.5257007211811	13.437417704351
0.17	-9.76439623297765	12.6592550676414	13.3397758254089
0.18	-9.76415705521735	12.7918328595168	13.2421362466673
0.19	-9.76391787745706	12.9234341210505	13.1444989688549
0.2	-9.76367869969676	13.0540588764931	13.0468639927004
0.21	-9.76343952193647	13.183707150102	12.9492313189325
0.22	-9.76320034417617	13.3123789661422	12.8516009482798
0.23	-9.76296116641588	13.4400743488859	12.7539728814709
0.24	-9.76272198865558	13.5667933226125	12.6563471192345
0.25	-9.76248281089529	13.6925359116088	12.5587236622992
0.26	-9.76224363313499	13.8173021401686	12.4611025113935
0.27	-9.7620044553747	13.941092032593	12.363483667246
0.28	-9.7617652776144	14.0639056131907	12.2658671305852
0.29	-9.7615260998541	14.1857429062772	12.1682529021397
0.3	-9.76128692209381	14.3066039361756	12.0706409826379
0.31	-9.76104774433351	14.4264887272159	11.9730313728084
0.32	-9.76080856657322	14.5453973037358	11.8754240733795
0.33	-9.76056938881292	14.6633296900798	11.7778190850799
0.34	-9.76033021105263	14.7802859106	11.6802164086378
0.35	-9.76009103329233	14.8962659896556	11.5826160447817
0.36	-9.75985185553204	15.011269951613	11.4850179942399
0.37	-9.75961267777174	15.1252978208461	11.387422257741
0.38	-9.75937350001145	15.2383496217356	11.2898288360131
0.39	-9.75913432225115	15.3504253786699	11.1922377297847
0.4	-9.75889514449086	15.4615251160445	11.0946489397841
0.41	-9.75865596673056	15.5716488582621	10.9970624667395
0.42	-9.75841678897027	15.6807966297327	10.8994783113793
0.43	-9.75817761120997	15.7889684548734	10.8018964744317
0.44	-9.75793843344968	15.8961643581089	10.7043169566249
0.45	-9.75769925568938	16.0023843638708	10.6067397586873
0.46	-9.75746007792909	16.1076284965981	10.5091648813469
0.47	-9.75722090016879	16.211896780737	10.411592325332
0.48	-9.7569817224085	16.3151892407411	10.3140220913707
0.49	-9.7567425446482	16.4175059010711	10.2164541801913
0.5	-9.7565033668879	16.5188467861949	10.1188885925217
0.51	-9.75626418912761	16.6192119205879	10.0213253290902
0.52	-9.75602501136731	16.7186013287324	9.9237643906249
0.53	-9.75578583360702	16.8170150351183	9.82620577785378
0.54	-9.75554665584672	16.9144530642425	9.72864949150494
0.55	-9.75530747808643	17.0109154406093	9.63109553230641
0.56	-9.75506830032613	17.10640218873	9.53354390098623
0.57	-9.75482912256584	17.2009133331236	9.4359945982724
0.58	-9.75458994480554	17.2944488983159	9.3384476248929
0.59	-9.75435076704525	17.3870089088402	9.2409029815757
0.6	-9.75411158928495	17.478593389237	9.14336066904874
0.61	-9.75387241152466	17.5692023640539	9.04582068803995
0.62	-9.75363323376436	17.658835857846	8.94828303927725
0.63	-9.75339405600407	17.7474938951755	8.85074772348852
0.64	-9.75315487824377	17.8351765006118	8.75321474140165
0.65	-9.75291570048348	17.9218836987317	8.65568409374448
0.66	-9.75267652272318	18.0076155141191	8.55815578124485
0.67	-9.75243734496289	18.0923719713653	8.46062980463058
0.68	-9.75219816720259	18.1761530950686	8.36310616462947
0.69	-9.7519589894423	18.2589589098348	8.26558486196929
0.7	-9.751719811682	18.3407894402768	8.16806589737782
0.71	-9.75148063392171	18.4216447110149	8.07054927158278
0.72	-9.75124145616141	18.5015247466764	7.97303498531192
0.73	-9.75100227840111	18.5804295718961	7.87552303929292
0.74	-9.75076310064082	18.6583592113159	7.77801343425349
0.75	-9.75052392288052	18.7353136895849	7.68050617092128
0.76	-9.75028474512023	18.8112930313596	7.58300125002396
0.77	-9.75004556735993	18.8862972613036	7.48549867228914
0.78	-9.74980638959964	18.9603264040879	7.38799843844445
0.79	-9.74956721183934	19.0333804843905	7.29050054921747
0.8	-9.74932803407905	19.105459526897	7.19300500533578
0.81	-9.74908885631875	19.1765635562999	7.09551180752694
0.820000000000001	-9.74884967855846	19.2466925972991	6.99802095651849
0.830000000000001	-9.74861050079816	19.3158466746018	6.90053245303793
0.840000000000001	-9.74837132303787	19.3840258129222	6.80304629781279
0.850000000000001	-9.74813214527757	19.4512300369822	6.70556249157053
0.860000000000001	-9.74789296751728	19.5174593715104	6.60808103503862
0.870000000000001	-9.74765378975698	19.582713841243	6.5106019289445
0.880000000000001	-9.74741461199669	19.6469934709233	6.4131251740156
0.890000000000001	-9.74717543423639	19.710298285302	6.31565077097933
0.900000000000001	-9.7469362564761	19.7726283091368	6.21817872056308
0.910000000000001	-9.7466970787158	19.8339835671928	6.1207090234942
0.920000000000001	-9.74645790095551	19.8943640842424	6.02324168050006
0.930000000000001	-9.74621872319521	19.953769885065	5.92577669230799
0.940000000000001	-9.74597954543492	20.0122009944475	5.82831405964529
0.950000000000001	-9.74574036767462	20.0696574371839	5.73085378323927
0.960000000000001	-9.74550118991433	20.1261392380755	5.63339586381719
0.970000000000001	-9.74526201215403	20.1816464219309	5.53594030210632
0.980000000000001	-9.74502283439373	20.2361790135656	5.43848709883389
0.990000000000001	-9.74478365663344	20.2897370378029	5.34103625472713
1	-9.74454447887314	20.3423205194728	5.24358777051323
1.01	-9.74430530111285	20.3939294834129	5.14614164691937
1.02	-9.74406612335255	20.4445639544679	5.04869788467272
1.03	-9.74382694559226	20.4942239574898	4.95125648450042
1.04	-9.74358776783196	20.5429095173377	4.8538174471296
1.05	-9.74334859007167	20.5906206588781	4.75638077328736
1.06	-9.74310941231137	20.6373574069847	4.65894646370078
1.07	-9.74287023455108	20.6831197865383	4.56151451909695
1.08	-9.74263105679078	20.7279078224272	4.46408494020291
1.09	-9.74239187903049	20.7717215395466	4.36665772774569
1.1	-9.74215270127019	20.8145609627994	4.26923288245229
1.11	-9.7419135235099	20.8564261170952	4.17181040504973
1.12	-9.7416743457496	20.8973170273513	4.07439029626496
1.13	-9.74143516798931	20.9372337184919	3.97697255682495
1.14	-9.74119599022901	20.9761762154487	3.87955718745663
1.15	-9.74095681246872	21.0141445431604	3.78214418888692
1.16	-9.74071763470842	21.0511387265732	3.68473356184272
1.17	-9.74047845694813	21.0871587906402	3.58732530705091
1.18	-9.74023927918783	21.1222047603221	3.48991942523835
1.19	-9.74000010142754	21.1562766605866	3.39251591713188
1.2	-9.73976092366724	21.1893745164087	3.29511478345833
1.21	-9.73952174590694	21.2214983527706	3.1977160249445
1.22	-9.73928256814665	21.2526481946618	3.10031964231717
1.23	-9.73904339038635	21.282824067079	3.00292563630312
1.24	-9.73880421262606	21.3120259950262	2.90553400762909
1.25	-9.73856503486576	21.3402540035146	2.80814475702181
1.26	-9.73832585710547	21.3675081175625	2.71075788520799
1.27	-9.73808667934517	21.3937883621956	2.61337339291432
1.28	-9.73784750158488	21.4190947624467	2.51599128086748
1.29	-9.73760832382458	21.4434273433561	2.41861154979411
1.3	-9.73736914606429	21.4667861299711	2.32123420042085
1.31	-9.73712996830399	21.4891711473461	2.22385923347431
1.32	-9.7368907905437	21.5105824205432	2.1264866496811
1.33	-9.7366516127834	21.5310199746312	2.02911644976779
1.34	-9.73641243502311	21.5504838346865	1.93174863446093
1.35	-9.73617325726281	21.5689740257927	1.83438320448708
1.36	-9.73593407950252	21.5864905730405	1.73702016057273
1.37	-9.73569490174222	21.6030335015278	1.63965950344441
1.38	-9.73545572398193	21.6186028363598	1.54230123382859
1.39	-9.73521654622163	21.6331986026491	1.44494535245173
1.4	-9.73497736846133	21.6468208255154	1.34759186004028
1.41	-9.73473819070104	21.6594695300854	1.25024075732067
1.42	-9.73449901294074	21.6711447414934	1.15289204501929
1.43	-9.73425983518045	21.6818464848808	1.05554572386255
1.44	-9.73402065742015	21.6915747853962	0.958201794576797
1.45	-9.73378147965986	21.7003296681953	0.860860257888392
1.46	-9.73354230189956	21.7081111584414	0.763521114523663
1.47	-9.73330312413927	21.7149192813046	0.66618436520892
1.48	-9.73306394637897	21.7207540619626	0.568850010670457
1.49	-9.73282476861868	21.7256155256	0.471518051634545
1.5	-9.73258559085838	21.7295036974089	0.37418848882744
1.51	-9.73234641309809	21.7324186025885	0.276861322975375
1.52	-9.73210723533779	21.7343602663453	0.179536554804567
1.53	-9.7318680575775	21.7353287138929	0.0822141850412133
1.54	-9.7316288798172	21.7353239704523	-0.0151057855885092
1.55	-9.73138970205691	21.7343460612516	-0.112423356358442
1.56	-9.73115052429661	21.7323950115262	-0.209738526542444
1.57	-9.73091134653632	21.7294708465186	-0.307051295414397
1.58	-9.73067216877602	21.7255735914788	-0.404361662248198
1.59	-9.73043299101573	21.7207032716637	-0.501669626317766
1.6	-9.73019381325543	21.7148599123377	-0.598975186897036
1.61	-9.72995463549513	21.7080435387722	-0.696278343259966
1.62	-9.72971545773484	21.7002541762461	-0.79357909468053
1.63	-9.72947627997454	21.6914918500452	-0.890877440432723
1.64	-9.72923710221425	21.6817565854629	-0.988173379790557
1.65	-9.72899792445395	21.6710484077994	-1.08546691202807
1.66	-9.72875874669366	21.6593673423625	-1.1827580364193
1.67	-9.72851956893336	21.646713414467	-1.28004675223833
1.68	-9.72828039117307	21.6330866494351	-1.37733305875925
1.69	-9.72804121341277	21.618487072596	-1.47461695525616
1.7	-9.72780203565248	21.6029147092864	-1.5718984410032
1.71	-9.72756285789218	21.58636958485	-1.66917751527451
1.72	-9.72732368013189	21.5688517246378	-1.76645417734426
1.73	-9.72708450237159	21.5503611540081	-1.86372842648663
1.74	-9.7268453246113	21.5308978983263	-1.96100026197583
1.75	-9.726606146851	21.5104619829652	-2.05826968308609
1.76	-9.72636696909071	21.4890534333045	-2.15553668909164
1.77	-9.72612779133041	21.4666722747316	-2.25280127926675
1.78	-9.72588861357012	21.4433185326406	-2.35006345288571
1.79	-9.72564943580982	21.4189922324333	-2.4473232092228
1.8	-9.72541025804953	21.3936933995184	-2.54458054755236
1.81	-9.72517108028923	21.3674220593119	-2.64183546714872
1.82	-9.72493190252894	21.3401782372371	-2.73908796728624
1.83	-9.72469272476864	21.3119619587246	-2.83633804723929
1.84	-9.72445354700834	21.2827732492119	-2.93358570628229
1.85	-9.72421436924805	21.2526121341441	-3.03083094368964
1.86	-9.72397519148775	21.2214786389733	-3.12807375873577
1.87	-9.72373601372746	21.1893727891588	-3.22531415069515
1.88	-9.72349683596716	21.1562946101672	-3.32255211884224
1.89	-9.72325765820687	21.1222441274725	-3.41978766245155
1.9	-9.72301848044657	21.0872213665555	-3.51702078079758
1.91	-9.72277930268628	21.0512263529046	-3.61425147315486
1.92	-9.72254012492598	21.0142591120153	-3.71147973879796
1.93	-9.72230094716569	20.9763196693902	-3.80870557700142
1.94	-9.72206176940539	20.9374080505394	-3.90592898703986
1.95	-9.7218225916451	20.8975242809799	-4.00314996818787
1.96	-9.7215834138848	20.8566683862361	-4.10036851972009
1.97	-9.72134423612451	20.8148403918396	-4.19758464091117
1.98	-9.72110505836421	20.7720403233292	-4.29479833103576
1.99	-9.72086588060392	20.728268206251	-4.39200958936856
2	-9.72062670284362	20.6835240661582	-4.48921841518427
2.01	-9.72038752508333	20.6378079286113	-4.58642480775762
2.02	-9.72014834732303	20.591119819178	-4.68362876636335
2.03	-9.71990916956274	20.5434597634331	-4.78083029027622
2.04	-9.71966999180244	20.4948277869589	-4.87802937877103
2.05	-9.71943081404214	20.4452239153446	-4.97522603112257
2.06	-9.71919163628185	20.3946481741869	-5.07242024660566
2.07	-9.71895245852155	20.3431005890895	-5.16961202449515
2.08	-9.71871328076126	20.2905811856634	-5.26680136406589
2.09	-9.71847410300096	20.2370899895269	-5.36398826459277
2.1	-9.71823492524067	20.1826270263053	-5.46117272535068
2.11	-9.71799574748037	20.1271923216315	-5.55835474561455
2.12	-9.71775656972008	20.0707859011452	-5.6555343246593
2.13	-9.71751739195978	20.0134077904935	-5.75271146175991
2.14	-9.71727821419949	19.9550580153308	-5.84988615619135
2.15	-9.71703903643919	19.8957366013186	-5.94705840722861
2.16	-9.7167998586789	19.8354435741256	-6.0442282141467
2.17	-9.7165606809186	19.7741789594278	-6.14139557622067
2.18	-9.71632150315831	19.7119427829084	-6.23856049272557
2.19	-9.71608232539801	19.6487350702578	-6.33572296293647
2.2	-9.71584314763772	19.5845558471736	-6.43288298612847
2.21	-9.71560396987742	19.5194051393606	-6.53004056157668
2.22	-9.71536479211713	19.4532829725309	-6.62719568855623
2.23	-9.71512561435683	19.3861893724037	-6.72434836634227
2.24	-9.71488643659654	19.3181243647056	-6.82149859420998
2.25	-9.71464725883624	19.2490879751701	-6.91864637143454
2.26	-9.71440808107594	19.1790802295382	-7.01579169729117
2.27	-9.71416890331565	19.1081011535581	-7.1129345710551
2.28	-9.71392972555535	19.0361507729851	-7.21007499200157
2.29	-9.71369054779506	18.9632291135817	-7.30721295940585
2.29999999999999	-9.71345137003476	18.8893362011176	-7.40434847254323
2.30999999999999	-9.71321219227447	18.81447206137	-7.50148153068903
2.31999999999999	-9.71297301451417	18.7386367201229	-7.59861213311856
2.32999999999999	-9.71273383675388	18.6618302031677	-7.69574027910717
2.33999999999999	-9.71249465899358	18.5840525363031	-7.79286596793024
2.34999999999999	-9.71225548123329	18.505303745335	-7.88998919886314
2.35999999999999	-9.71201630347299	18.4255838560763	-7.98710997118128
2.36999999999999	-9.7117771257127	18.3448928943473	-8.08422828416008
2.37999999999999	-9.7115379479524	18.2632308859756	-8.181344137075
2.38999999999999	-9.71129877019211	18.1805978567957	-8.27845752920148
2.39999999999999	-9.71105959243181	18.0969938326495	-8.37556845981503
2.40999999999999	-9.71082041467152	18.0124188393863	-8.47267692819113
2.41999999999999	-9.71058123691122	17.9268729028622	-8.56978293360532
2.42999999999999	-9.71034205915093	17.8403560489408	-8.66688647533313
2.43999999999999	-9.71010288139063	17.7528683034929	-8.76398755265013
2.44999999999999	-9.70986370363034	17.6644096923965	-8.86108616483189
2.45999999999999	-9.70962452587004	17.5749802415366	-8.95818231115402
2.46999999999999	-9.70938534810975	17.4845799768056	-9.05527599089214
2.47999999999999	-9.70914617034945	17.3932089241032	-9.15236720332189
2.48999999999999	-9.70890699258916	17.3008671093361	-9.24945594771893
2.49999999999999	-9.70866781482886	17.2075545584184	-9.34654222335893
2.50999999999999	-9.70842863706856	17.1132712972712	-9.4436260295176
2.51999999999999	-9.70818945930827	17.018017351823	-9.54070736547066
2.52999999999999	-9.70795028154798	16.9217927480094	-9.63778623049383
2.53999999999999	-9.70771110378768	16.8245975117732	-9.73486262386289
2.54999999999999	-9.70747192602738	16.7264316690645	-9.8319365448536
2.55999999999999	-9.70723274826709	16.6272952458406	-9.92900799274176
2.56999999999999	-9.70699357050679	16.5271882680659	-10.0260769668032
2.57999999999999	-9.7067543927465	16.4261107617122	-10.1231434663137
2.58999999999999	-9.7065152149862	16.3240627527582	-10.2202074905492
2.59999999999999	-9.70627603722591	16.2210442671901	-10.3172690387856
2.60999999999999	-9.70603685946561	16.1170553310012	-10.4143281102987
2.61999999999999	-9.70579768170532	16.0120959701919	-10.5113847043644
2.62999999999999	-9.70555850394502	15.9061662107701	-10.6084388202587
2.63999999999999	-9.70531932618473	15.7992660787506	-10.7054904572575
2.64999999999999	-9.70508014842443	15.6913956001556	-10.8025396146369
2.65999999999999	-9.70484097066414	15.5825548010144	-10.8995862916727
2.66999999999999	-9.70460179290384	15.4727437073635	-10.9966304876411
2.67999999999999	-9.70436261514355	15.3619623452467	-11.093672201818
2.68999999999999	-9.70412343738325	15.250210740715	-11.1907114334795
2.69999999999999	-9.70388425962296	15.1374889198265	-11.2877481819017
2.70999999999999	-9.70364508186266	15.0237969086465	-11.3847824463606
2.71999999999999	-9.70340590410236	14.9091347332477	-11.4818142261325
2.72999999999999	-9.70316672634207	14.7935024197098	-11.5788435204933
2.73999999999999	-9.70292754858178	14.6768999941199	-11.6758703287193
2.74999999999999	-9.70268837082148	14.559327482572	-11.7728946500866
2.75999999999999	-9.70244919306119	14.4407849111676	-11.8699164838715
2.76999999999998	-9.70221001530089	14.3212723060154	-11.9669358293501
2.77999999999998	-9.70197083754059	14.200789693231	-12.0639526857986
2.78999999999998	-9.7017316597803	14.0793370989375	-12.1609670524934
2.79999999999998	-9.70149248202	13.9569145492651	-12.2579789287106
2.80999999999998	-9.70125330425971	13.8335220703512	-12.3549883137266
2.81999999999998	-9.70101412649941	13.7091596883405	-12.4519952068177
2.82999999999998	-9.70077494873912	13.5838274293847	-12.5489996072602
2.83999999999998	-9.70053577097882	13.4575253196429	-12.6460015143304
2.84999999999998	-9.70029659321853	13.3302533852813	-12.7430009273048
2.85999999999998	-9.70005741545823	13.2020116524733	-12.8399978454597
2.86999999999998	-9.69981823769794	13.0728001473996	-12.9369922680715
2.87999999999998	-9.69957905993764	12.942618896248	-13.0339841944166
2.88999999999998	-9.69933988217735	12.8114679252135	-13.1309736237716
2.89999999999998	-9.69910070441705	12.6793472604984	-13.2279605554128
2.90999999999998	-9.69886152665676	12.5462569283121	-13.3249449886168
2.91999999999998	-9.69862234889646	12.4121969548713	-13.42192692266
2.92999999999998	-9.69838317113617	12.2771673663997	-13.518906356819
2.93999999999998	-9.69814399337587	12.1411681891284	-13.6158832903704
2.94999999999998	-9.69790481561558	12.0041994492957	-13.7128577225906
2.95999999999998	-9.69766563785528	11.8662611731471	-13.8098296527563
2.96999999999998	-9.69742646009499	11.727353386935	-13.9067990801442
2.97999999999998	-9.69718728233469	11.5874761169195	-14.0037660040307
2.98999999999998	-9.6969481045744	11.4466293893675	-14.1007304236926
2.99999999999998	-9.6967089268141	11.3048132305533	-14.1976923384066
3.00999999999998	-9.6964697490538	11.1620276667584	-14.2946517474492
3.01999999999998	-9.69623057129351	11.0182727242713	-14.3916086500973
3.02999999999998	-9.69599139353321	10.8735484293879	-14.4885630456275
3.03999999999998	-9.69575221577292	10.7278548084112	-14.5855149333166
3.04999999999998	-9.69551303801262	10.5811918876516	-14.6824643124414
3.05999999999998	-9.69527386025233	10.4335596934263	-14.7794111822786
3.06999999999998	-9.69503468249203	10.2849582520601	-14.876355542105
3.07999999999998	-9.69479550473174	10.1353875898848	-14.9732973911976
3.08999999999998	-9.69455632697144	9.98484773323948	-15.070236728833
3.09999999999998	-9.69431714921115	9.83333870847027	-15.1671735542883
3.10999999999998	-9.69407797145085	9.68086054193062	-15.2641078668402
3.11999999999998	-9.69383879369056	9.52741325998118	-15.3610396657656
3.12999999999998	-9.69359961593026	9.37299688898976	-15.4579689503416
3.13999999999998	-9.69336043816997	9.21761145533138	-15.554895719845
3.14999999999998	-9.69312126040967	9.06125698538824	-15.6518199735528
3.15999999999998	-9.69288208264938	8.90393350554976	-15.748741710742
3.16999999999998	-9.69264290488908	8.74564104221255	-15.8456609306896
3.17999999999998	-9.69240372712879	8.58637962178041	-15.9425776326727
3.18999999999998	-9.69216454936849	8.42614927066433	-16.0394918159681
3.19999999999998	-9.6919253716082	8.26495001528251	-16.1364034798532
3.20999999999998	-9.6916861938479	8.10278188206034	-16.2333126236048
3.21999999999998	-9.6914470160876	7.9396448974304	-16.3302192465001
3.22999999999998	-9.69120783832731	7.77553908783247	-16.4271233478163
3.23999999999997	-9.69096866056701	7.61046447971352	-16.5240249268305
3.24999999999997	-9.69072948280672	7.44442109952772	-16.6209239828198
3.25999999999997	-9.69049030504642	7.27740897373643	-16.7178205150614
3.26999999999997	-9.69025112728613	7.10942812880821	-16.8147145228326
3.27999999999997	-9.69001194952583	6.94047859121881	-16.9116060054106
3.28999999999997	-9.68977277176554	6.77056038745118	-17.0084949620725
3.29999999999997	-9.68953359400524	6.59967354399544	-17.1053813920958
3.30999999999997	-9.68929441624495	6.42781808734893	-17.2022652947576
3.31999999999997	-9.68905523848465	6.25499404401617	-17.2991466693352
3.32999999999997	-9.68881606072436	6.08120144050889	-17.3960255151061
3.33999999999997	-9.68857688296406	5.90644030334598	-17.4929018313474
3.34999999999997	-9.68833770520377	5.73071065905355	-17.5897756173367
3.35999999999997	-9.68809852744347	5.55401253416489	-17.6866468723512
3.36999999999997	-9.68785934968318	5.37634595522049	-17.7835155956684
3.37999999999997	-9.68762017192288	5.19771094876802	-17.8803817865658
3.38999999999997	-9.68738099416259	5.01810754136236	-17.9772454443206
3.39999999999997	-9.68714181640229	4.83753575956557	-18.0741065682105
3.40999999999997	-9.686902638642	4.65599562994688	-18.1709651575129
3.41999999999997	-9.6866634608817	4.47348717908275	-18.2678212115053
3.42999999999997	-9.68642428312141	4.29001043355682	-18.3646747294653
3.43999999999997	-9.68618510536111	4.10556541995989	-18.4615257106703
3.44999999999997	-9.68594592760081	3.92015216488999	-18.558374154398
3.45999999999997	-9.68570674984052	3.73377069495232	-18.6552200599259
3.46999999999997	-9.68546757208022	3.54642103675928	-18.7520634265316
3.47999999999997	-9.68522839431993	3.35810321693044	-18.8489042534928
3.48999999999997	-9.68498921655964	3.16881726209258	-18.9457425400871
3.49999999999997	-9.68475003879934	2.97856319887966	-19.0425782855922
3.50999999999997	-9.68451086103904	2.78734105393283	-19.1394114892857
3.51999999999997	-9.68427168327875	2.59515085390044	-19.2362421504454
3.52999999999997	-9.68403250551845	2.40199262543801	-19.333070268349
3.53999999999997	-9.68379332775816	2.20786639520825	-19.4298958422742
3.54999999999997	-9.68355414999786	2.01277218988108	-19.5267188714989
3.55999999999997	-9.68331497223757	1.81671003613358	-19.6235393553007
3.56999999999997	-9.68307579447727	1.61967996065004	-19.7203572929575
3.57999999999997	-9.68283661671698	1.42168199012192	-19.8171726837472
3.58999999999997	-9.68259743895668	1.22271615124788	-19.9139855269475
3.59999999999997	-9.68235826119639	1.02278247073377	-20.0107958218364
3.60999999999997	-9.68211908343609	0.821880975292606	-20.1076035676917
3.61999999999997	-9.6818799056758	0.620011691644613	-20.2044087637914
3.62999999999997	-9.6816407279155	0.417174646517191	-20.3012114094133
3.63999999999997	-9.68140155015521	0.213369866644931	-20.3980115038354
3.64999999999997	-9.68116237239491	0.967513775542746	16.1790597808736
3.65999999999997	-9.68092319463461	1.12848989380473	16.0822516311414
3.66999999999997	-9.68068401687432	1.2884977594037	15.9854457608429
3.67999999999997	-9.68044483911403	1.4475373963646	15.8886421707004
3.68999999999997	-9.68020566135373	1.60560882871955	15.7918408614365
3.69999999999997	-9.67996648359343	1.76271208050786	15.6950418337736
3.70999999999996	-9.67972730583314	1.91884717577605	15.5982450884343
3.71999999999996	-9.67948812807284	2.07401413857782	15.5014506261409
3.72999999999996	-9.67924895031255	2.22821299297407	15.4046584476159
3.73999999999996	-9.67900977255225	2.38144376303289	15.3078685535817
3.74999999999996	-9.67877059479196	2.53370647282956	15.2110809447606
3.75999999999996	-9.67853141703166	2.68500114644656	15.1142956218751
3.76999999999996	-9.67829223927137	2.83532780797356	15.0175125856475
3.77999999999996	-9.67805306151107	2.98468648150743	14.9207318368
3.78999999999996	-9.67781388375078	3.13307719115221	14.823953376055
3.79999999999996	-9.67757470599048	3.28049996101915	14.7271772041349
3.80999999999996	-9.67733552823019	3.42695481522669	14.6304033217618
3.81999999999996	-9.67709635046989	3.57244177790046	14.5336317296581
3.82999999999996	-9.6768571727096	3.71696087317329	14.4368624285459
3.83999999999996	-9.6766179949493	3.86051212518517	14.3400954191475
3.84999999999996	-9.67637881718901	4.00309555808332	14.2433307021851
3.85999999999996	-9.67613963942871	4.14471119602213	14.1465682783808
3.86999999999996	-9.67590046166842	4.28535906316319	14.0498081484569
3.87999999999996	-9.67566128390812	4.42503918367527	13.9530503131355
3.88999999999996	-9.67542210614783	4.56375158173433	13.8562947731386
3.89999999999996	-9.67518292838753	4.70149628152353	13.7595415291885
3.90999999999996	-9.67494375062724	4.83827330723322	13.6627905820072
3.91999999999996	-9.67470457286694	4.97408268306093	13.5660419323168
3.92999999999996	-9.67446539510665	5.10892443321139	13.4692955808392
3.93999999999996	-9.67422621734635	5.24279858189651	13.3725515282967
3.94999999999996	-9.67398703958606	5.3757051533354	13.2758097754111
3.95999999999996	-9.67374786182576	5.50764417175434	13.1790703229045
3.96999999999996	-9.67350868406547	5.63861566138682	13.0823331714989
3.97999999999996	-9.67326950630517	5.7686196464735	12.9855983219162
3.98999999999996	-9.67303032854487	5.89765615126225	12.8888657748784
3.99999999999996	-9.67279115078458	6.02572520000811	12.7921355311073
4.00999999999996	-9.67255197302428	6.15282681697332	12.695407591325
4.01999999999996	-9.67231279526399	6.27896102642729	12.5986819562533
4.02999999999996	-9.67207361750369	6.40412785264664	12.501958626614
4.03999999999996	-9.6718344397434	6.52832731991517	12.405237603129
4.04999999999996	-9.6715952619831	6.65155945252385	12.3085188865202
4.05999999999996	-9.67135608422281	6.77382427477085	12.2118024775093
4.06999999999996	-9.67111690646251	6.89512181096155	12.1150883768182
4.07999999999996	-9.67087772870222	7.01545208540847	12.0183765851686
4.08999999999996	-9.67063855094192	7.13481512243136	11.9216671032823
4.09999999999996	-9.67039937318163	7.25321094635712	11.8249599318811
4.10999999999996	-9.67016019542133	7.37063958151986	11.7282550716866
4.11999999999996	-9.66992101766104	7.48710105226088	11.6315525234206
4.12999999999996	-9.66968183990074	7.60259538292864	11.5348522878047
4.13999999999996	-9.66944266214045	7.71712259787881	11.4381543655607
4.14999999999996	-9.66920348438015	7.83068272147423	11.3414587574101
4.15999999999996	-9.66896430661986	7.94327577808493	11.2447654640747
4.16999999999996	-9.66872512885956	8.05490179208812	11.1480744862759
4.17999999999996	-9.66848595109927	8.16556078786822	11.0513858247354
4.18999999999996	-9.66824677333897	8.27525278981679	10.9546994801749
4.19999999999995	-9.66800759557868	8.38397782233262	10.8580154533158
4.20999999999995	-9.66776841781838	8.49173590982165	10.7613337448796
4.21999999999995	-9.66752924005808	8.59852707669702	10.664654355588
4.22999999999995	-9.66729006229779	8.70435134737905	10.5679772861623
4.23999999999995	-9.66705088453749	8.80920874629524	10.4713025373242
4.24999999999995	-9.6668117067772	8.91309929788029	10.374630109795
4.25999999999995	-9.6665725290169	9.01602302657607	10.2779600042961
4.26999999999995	-9.66633335125661	9.11797995683162	10.1812922215492
4.27999999999995	-9.66609417349631	9.21897011310318	10.0846267622754
4.28999999999995	-9.66585499573602	9.31899351985418	9.98796362719628
4.29999999999995	-9.66561581797572	9.41805020155522	9.89130281703315
4.30999999999995	-9.66537664021543	9.51614018268407	9.79464433250736
4.31999999999995	-9.66513746245513	9.6132634877257	9.69798817434027
4.32999999999995	-9.66489828469484	9.70942014117226	9.60133434325317
4.33999999999995	-9.66488891943187	9.80461018557771	9.50468092084563
4.34999999999995	-9.66499446041757	9.89883363862583	9.40802659324117
4.35999999999995	-9.66510000140328	9.99209049416504	9.31137118364336
4.36999999999995	-9.66520554238898	10.0843807426058	9.21471469277463
4.37999999999995	-9.66531108337468	10.1757043743659	9.1180571213574
4.38999999999995	-9.66541662436039	10.2660613798703	9.02139847011409
4.39999999999995	-9.66552216534609	10.3554517495511	8.92473873976715
4.40999999999995	-9.66562770633179	10.4438754738479	8.82807793103901
4.41999999999995	-9.66573324731749	10.5313325432072	8.73141604465212
4.42999999999995	-9.6658387883032	10.6178229480831	8.63475308132893
4.43999999999995	-9.6659443292889	10.7033466789366	8.53808904179192
4.44999999999995	-9.6660498702746	10.7879037262362	8.44142392676355
4.45999999999995	-9.66615541126031	10.8714940804574	8.3447577369663
4.46999999999995	-9.66626095224601	10.9541177320831	8.24809047312265
4.47999999999995	-9.66636649323171	11.0357746716035	8.15142213595509
4.48999999999995	-9.66647203421741	11.1164648895158	8.05475272618612
4.49999999999995	-9.66657757520312	11.1961883763246	7.95808224453824
4.50999999999995	-9.66668311618882	11.2749451225417	7.86141069173396
4.51999999999995	-9.66678865717452	11.3527351186861	7.7647380684958
4.52999999999995	-9.66689419816022	11.4295583552842	7.66806437554629
4.53999999999995	-9.66699973914593	11.5054148228695	7.57138961360795
4.54999999999995	-9.66710528013163	11.5803045119826	7.47471378340333
4.55999999999995	-9.66721082111733	11.6542274131717	7.37803688565497
4.56999999999995	-9.66731636210304	11.7271835169918	7.28135892108542
4.57999999999995	-9.66742190308874	11.7991728140055	7.18467989041724
4.58999999999995	-9.66752744407444	11.8701952947825	7.087999794373
4.59999999999995	-9.66763298506014	11.9402509498997	6.99131863367527
4.60999999999995	-9.66773852604585	12.0093397699413	6.89463640904662
4.61999999999995	-9.66784406703155	12.0774617454987	6.79795312120964
4.62999999999995	-9.66794960801725	12.1446168671705	6.70126877088693
4.63999999999995	-9.66805514900295	12.2108051255626	6.60458335880108
4.64999999999995	-9.66816068998866	12.2760265112883	6.50789688567471
4.65999999999995	-9.66826623097436	12.3402810149677	6.41120935223042
4.66999999999994	-9.66837177196006	12.4035686272285	6.31452075919083
4.67999999999994	-9.66847731294576	12.4658893387056	6.21783110727857
4.68999999999994	-9.66858285393147	12.5272431400411	6.12114039721628
4.69999999999994	-9.66868839491717	12.5876300218841	6.02444862972658
4.70999999999994	-9.66879393590288	12.6470499748914	5.92775580553214
4.71999999999994	-9.66889947688858	12.7055029897266	5.8310619253556
4.72999999999994	-9.66900501787428	12.7629890570609	5.73436698991963
4.73999999999994	-9.66911055885998	12.8195081675724	5.63767099994688
4.74999999999994	-9.66921609984569	12.8750603119467	5.54097395616004
4.75999999999994	-9.66932164083139	12.9296454808765	5.44427585928178
4.76999999999994	-9.66942718181709	12.9832636650618	5.34757671003479
4.77999999999994	-9.66953272280279	13.0359148552098	5.25087650914177
4.78999999999994	-9.6696382637885	13.087599042035	5.15417525732541
4.79999999999994	-9.6697438047742	13.138316216259	5.05747295530842
4.80999999999994	-9.6698493457599	13.1880663686109	4.96076960381352
4.81999999999994	-9.66995488674561	13.2368494898266	4.86406520356343
4.82999999999994	-9.67006042773131	13.2846655706498	4.76735975528087
4.83999999999994	-9.67016596871701	13.331514601831	4.67065325968858
4.84999999999994	-9.67027150970271	13.3773965741281	4.57394571750929
4.85999999999994	-9.67037705068842	13.4223114783062	4.47723712946576
4.86999999999994	-9.67048259167412	13.4662593051377	4.38052749628074
4.87999999999994	-9.67058813265982	13.5092400454022	4.28381681867698
4.88999999999994	-9.67069367364553	13.5512536898866	4.18710509737727
4.89999999999994	-9.67079921463123	13.5923002293849	4.09039233310436
4.90999999999994	-9.67090475561693	13.6323796546984	3.99367852658104
4.91999999999994	-9.67101029660263	13.6714919566357	3.8969636785301
4.92999999999994	-9.67111583758834	13.7096371260127	3.80024778967433
4.93999999999994	-9.67122137857404	13.7468151536522	3.70353086073653
4.94999999999994	-9.67132691955974	13.7830260303847	3.60681289243951
4.95999999999994	-9.67143246054544	13.8182697470477	3.51009388550608
4.96999999999994	-9.67153800153115	13.8525462944858	3.41337384065906
4.97999999999994	-9.67164354251685	13.8858556635511	3.31665275862128
4.98999999999994	-9.67174908350255	13.9181978451028	3.21993064011557
4.99999999999994	-9.67185462448825	13.9495728300074	3.12320748586477
5.00999999999994	-9.67196016547396	13.9799806091386	3.02648329659172
5.01999999999994	-9.67206570645966	14.0094211733773	2.92975807301929
5.02999999999994	-9.67217124744536	14.0378945136118	2.83303181587032
5.03999999999994	-9.67227678843107	14.0654006207375	2.7363045258677
5.04999999999994	-9.67238232941677	14.0919394856571	2.63957620373427
5.05999999999994	-9.67248787040247	14.1175110992804	2.54284685019294
5.06999999999994	-9.67259341138818	14.1421154525246	2.44611646596658
5.07999999999994	-9.67269895237388	14.1657525363142	2.34938505177808
5.08999999999994	-9.67280449335958	14.1884223415807	2.25265260835035
5.09999999999994	-9.67291003434528	14.210124859263	2.15591913640629
5.10999999999994	-9.67301557533099	14.2308600803072	2.05918463666881
5.11999999999994	-9.67312111631669	14.2506279956668	1.96244910986083
5.12999999999994	-9.67322665730239	14.2694285963022	1.86571255670527
5.13999999999993	-9.67333219828809	14.2872618731813	1.76897497792506
5.14999999999993	-9.6734377392738	14.3041278172792	1.67223637424316
5.15999999999993	-9.6735432802595	14.3200264195782	1.57549674638248
5.16999999999993	-9.6736488212452	14.3349576710679	1.478756095066
5.17999999999993	-9.67375436223091	14.348921562745	1.38201442101666
5.18999999999993	-9.67385990321661	14.3619180856136	1.28527172495744
5.19999999999993	-9.67396544420231	14.3739472306849	1.18852800761129
5.20999999999993	-9.67407098518801	14.3850089889775	1.0917832697012
5.21999999999993	-9.67417652617372	14.3951033515172	0.995037511950149
5.22999999999993	-9.67428206715942	14.4042303093369	0.898290735081129
5.23999999999993	-9.67438760814512	14.4123898534769	0.801542939817134
5.24999999999993	-9.67449314913083	14.4195819749846	0.704794126881168
5.25999999999993	-9.67459869011653	14.4258066649148	0.608044296996239
5.26999999999993	-9.67470423110223	14.4310639143295	0.511293450885364
5.27999999999993	-9.67480977208793	14.4353537142978	0.414541589271563
5.28999999999993	-9.67491531307364	14.4386760558962	0.317788712877865
5.29999999999993	-9.67502085405934	14.4410309302084	0.221034822427305
5.30999999999993	-9.67512639504504	14.4424183283253	0.124279918642925
5.31999999999993	-9.67523193603074	14.442838241345	0.0275240022477707
5.32999999999993	-9.67533747701645	14.4422906603731	-0.0692329260351027
5.33999999999993	-9.67544301800215	14.440775576522	-0.165990865482635
5.34999999999993	-9.67554855898785	14.4382929809118	-0.26274981537176
5.35999999999993	-9.67565409997356	14.4348428646696	-0.359509774979404
5.36999999999993	-9.67575964095926	14.4304252189297	-0.456270743582487
5.37999999999993	-9.67586518194496	14.4250400348338	-0.553032720457924
5.38999999999993	-9.67597072293066	14.4186873035307	-0.649795704882623
5.39999999999993	-9.67607626391637	14.4113670161765	-0.746559696133484
5.40999999999993	-9.67618180490207	14.4030791639346	-0.843324693487403
5.41999999999993	-9.67628734588777	14.3938237379755	-0.940090696221268
5.42999999999993	-9.67639288687347	14.3836007294771	-1.03685770361196
5.43999999999993	-9.67649842785918	14.3724101296244	-1.13362571493636
5.44999999999993	-9.67660396884488	14.3602519296098	-1.23039472947133
5.45999999999993	-9.67670950983058	14.3471261206329	-1.32716474649374
5.46999999999993	-9.67681505081629	14.3330326939003	-1.42393576528045
5.47999999999993	-9.67692059180199	14.3179716406261	-1.5207077851083
5.48999999999993	-9.67702613278769	14.3019429520317	-1.61748080525414
5.49999999999993	-9.67713167377339	14.2849466193456	-1.7142548249948
5.50999999999993	-9.6772372147591	14.2669826338034	-1.81102984360713
5.51999999999993	-9.6773427557448	14.2480509866483	-1.90780586036794
5.52999999999993	-9.6774482967305	14.2281516691304	-2.00458287455405
5.53999999999993	-9.67755383771621	14.2072846725073	-2.10136088544228
5.54999999999993	-9.67765937870191	14.1854499880437	-2.19813989230943
5.55999999999993	-9.67776491968761	14.1626476070115	-2.2949198944323
5.56999999999993	-9.67787046067331	14.1388775206901	-2.39170089108769
5.57999999999993	-9.67797600165902	14.1141397203658	-2.48848288155239
5.58999999999993	-9.67808154264472	14.0884341973323	-2.58526586510317
5.59999999999993	-9.67818708363042	14.0617609428907	-2.68204984101682
5.60999999999992	-9.67829262461612	14.0341199483491	-2.77883480857009
5.61999999999992	-9.67839816560183	14.0055112050229	-2.87562076703975
5.62999999999992	-9.67850370658753	13.9759347042348	-2.97240771570257
5.63999999999992	-9.67860924757323	13.9453904373147	-3.06919565383528
5.64999999999992	-9.67871478855894	13.9138783955998	-3.16598458071464
5.65999999999992	-9.67882032954464	13.8813985704346	-3.26277449561738
5.66999999999992	-9.67892587053034	13.8479509531705	-3.35956539782023
5.67999999999992	-9.67903141151604	13.8135355351667	-3.45635728659992
5.68999999999992	-9.67913695250175	13.7781523077891	-3.55315016123316
5.69999999999992	-9.67924249348745	13.7418012624111	-3.64994402099668
5.70999999999992	-9.67934803447315	13.7044823904135	-3.74673886516717
5.71999999999992	-9.67945357545886	13.666195683184	-3.84353469302134
5.72999999999992	-9.67955911644456	13.6269411321177	-3.94033150383588
5.73999999999992	-9.67966465743026	13.5867187286171	-4.03712929688748
5.74999999999992	-9.67977019841596	13.5455284640917	-4.13392807145282
5.75999999999992	-9.67987573940167	13.5033703299583	-4.23072782680857
5.76999999999992	-9.67998128038737	13.460244317641	-4.32752856223142
5.77999999999992	-9.68008682137307	13.4161504185713	-4.42433027699801
5.78999999999992	-9.68019236235877	13.3710886241875	-4.52113297038501
5.79999999999992	-9.68029790334448	13.3250589259356	-4.61793664166907
5.80999999999992	-9.68040344433018	13.2780613152686	-4.71474129012683
5.81999999999992	-9.68050898531588	13.2300957836469	-4.81154691503493
5.82999999999992	-9.68061452630159	13.1811623225379	-4.90835351567002
5.83999999999992	-9.68072006728729	13.1312609234165	-5.0051610913087
5.84999999999992	-9.68082560827299	13.0803915777646	-5.1019696412276
5.85999999999992	-9.68093114925869	13.0285542770717	-5.19877916470334
5.86999999999992	-9.6810366902444	12.9757490128341	-5.29558966101252
5.87999999999992	-9.6811422312301	12.9219757765557	-5.39240112943175
5.88999999999992	-9.6812477722158	12.8672345597475	-5.48921356923763
5.89999999999992	-9.68135331320151	12.8115253539277	-5.58602697970673
5.90999999999992	-9.68145885418721	12.7548481506219	-5.68284136011565
5.91999999999992	-9.68156439517291	12.6972029413628	-5.77965670974097
5.92999999999992	-9.68166993615861	12.6385897176903	-5.87647302785925
5.93999999999992	-9.68177547714432	12.5790084711518	-5.97329031374707
5.94999999999992	-9.68188101813002	12.5184591933017	-6.07010856668097
5.95999999999992	-9.68198655911572	12.4569418757017	-6.16692778593752
5.96999999999992	-9.68209210010142	12.3944565099208	-6.26374797079326
5.97999999999992	-9.68219764108713	12.3310030875352	-6.36056912052474
5.98999999999992	-9.68230318207283	12.2665816001284	-6.45739123440848
5.99999999999992	-9.68240872305853	12.2011920392911	-6.55421431172102
6.00999999999992	-9.68251426404424	12.1348343966212	-6.65103835173889
6.01999999999992	-9.68261980502994	12.0675086637239	-6.74786335373859
6.02999999999992	-9.68272534601564	11.9992148322117	-6.84468931699664
6.03999999999992	-9.68283088700134	11.9299528937042	-6.94151624078954
6.04999999999992	-9.68293642798705	11.8597228398284	-7.0383441243938
6.05999999999992	-9.68304196897275	11.7885246622185	-7.13517296708591
6.06999999999992	-9.68314750995845	11.7163583525159	-7.23200276814235
6.07999999999991	-9.68325305094416	11.6432239023692	-7.3288335268396
6.08999999999991	-9.68335859192986	11.5691213034343	-7.42566524245414
6.09999999999991	-9.68346413291556	11.4940505473745	-7.52249791426245
6.10999999999991	-9.68356967390126	11.4180116258601	-7.61933154154098
6.11999999999991	-9.68367521488697	11.3410045305688	-7.71616612356618
6.12999999999991	-9.68378075587267	11.2630292531854	-7.81300165961452
6.13999999999991	-9.68388629685837	11.1840857854021	-7.90983814896243
6.14999999999991	-9.68399183784408	11.1041741189183	-8.00667559088637
6.15999999999991	-9.68409737882978	11.0232942454406	-8.10351398466275
6.16999999999991	-9.68420291981548	10.9414461566829	-8.200353329568
6.17999999999991	-9.68430846080118	10.8586298443664	-8.29719362487855
6.18999999999991	-9.68441400178689	10.7748453002193	-8.39403486987082
6.19999999999991	-9.68451954277259	10.6900925159773	-8.49087706382121
6.20999999999991	-9.68462508375829	10.6043714833833	-8.58772020600612
6.21999999999991	-9.684730624744	10.5176821941873	-8.68456429570196
6.22999999999991	-9.6848361657297	10.4300246401468	-8.78140933218511
6.23999999999991	-9.6849417067154	10.3413988130263	-8.87825531473197
6.24999999999991	-9.6850472477011	10.2518047045976	-8.97510224261891
6.25999999999991	-9.68515278868681	10.1612423066399	-9.07195011512231
6.26999999999991	-9.68525832967251	10.0697116109396	-9.16879893151853
6.27999999999991	-9.68536387065821	9.97721260929004	-9.26564869108393
6.28999999999991	-9.68546941164391	9.88374529349223	-9.36249939309488
6.29999999999991	-9.68557495262962	9.7893096553542	-9.45935103682772
6.30999999999991	-9.68568049361532	9.69390568669129	-9.5562036215588
6.31999999999991	-9.68578603460102	9.59753337932605	-9.65305714656446
6.32999999999991	-9.68589157558673	9.50019272508831	-9.74991161112102
6.33999999999991	-9.68599711657243	9.40188371581513	-9.84676701450483
6.34999999999991	-9.68610265755813	9.30260634335082	-9.94362335599219
6.35999999999991	-9.68620819854383	9.20236059954694	-10.0404806348594
6.36999999999991	-9.68631373952954	9.10114647626228	-10.1373388503828
6.37999999999991	-9.68641928051524	8.9989639653629	-10.2341980018387
6.38999999999991	-9.68652482150094	8.8958130587221	-10.3310580885034
6.39999999999991	-9.68663036248664	8.79169374822043	-10.4279191096532
6.40999999999991	-9.68673590347235	8.68660602574566	-10.5247810645643
6.41999999999991	-9.68684144445805	8.58054988319285	-10.6216439525131
6.42999999999991	-9.68694698544375	8.47352531246427	-10.7185077727758
6.43999999999991	-9.68705252642946	8.36553230546946	-10.8153725246287
6.44999999999991	-9.68715806741516	8.25657085412519	-10.912238207348
6.45999999999991	-9.68726360840086	8.14664095035551	-11.00910482021
6.46999999999991	-9.68736914938656	8.03574258609167	-11.105972362491
6.47999999999991	-9.68747469037227	7.9238757532722	-11.2028408334672
6.48999999999991	-9.68758023135797	7.81104044384287	-11.2997102324149
6.49999999999991	-9.68768577234367	7.6972366497567	-11.3965805586102
6.50999999999991	-9.68779131332937	7.58246436297394	-11.4934518113294
6.51999999999991	-9.68789685431508	7.46672357546212	-11.5903239898487
6.52999999999991	-9.68800239530078	7.35001427919599	-11.6871970934444
6.53999999999991	-9.68810793628648	7.23233646615755	-11.7840711213927
6.5499999999999	-9.68821347727219	7.11369012833606	-11.8809460729697
6.5599999999999	-9.68831901825789	6.99407525772803	-11.9778219474517
6.5699999999999	-9.68842455924359	6.8734918463372	-12.0746987441148
6.5799999999999	-9.6885301002293	6.75193988617457	-12.1715764622353
6.5899999999999	-9.688635641215	6.62941936925838	-12.2684551010893
6.5999999999999	-9.6887411822007	6.50593028761413	-12.365334659953
6.6099999999999	-9.6888467231864	6.38147263327456	-12.4622151381026
6.6199999999999	-9.68895226417211	6.25604639827966	-12.5590965348142
6.6299999999999	-9.68905780515781	6.12965157467666	-12.655978849364
6.6399999999999	-9.68916334614351	6.00228815452006	-12.7528620810282
6.6499999999999	-9.68926888712921	5.87395612987158	-12.8497462290828
6.6599999999999	-9.68937442811492	5.7446554928002	-12.9466312928042
6.6699999999999	-9.68947996910062	5.61438623538217	-13.0435172714682
6.6799999999999	-9.68958551008632	5.48314834970095	-13.1404041643512
6.6899999999999	-9.68969105107202	5.35094182784727	-13.2372919707293
6.6999999999999	-9.68979659205773	5.2177666619191	-13.3341806898785
6.7099999999999	-9.68990213304343	5.08362284402168	-13.4310703210749
6.7199999999999	-9.69000767402913	4.94851036626747	-13.5279608635948
6.7299999999999	-9.69011321501484	4.81242922077619	-13.6248523167141
6.7399999999999	-9.69021875600054	4.67537939967482	-13.721744679709
6.7499999999999	-9.69032429698624	4.53736089509756	-13.8186379518556
6.7599999999999	-9.69042983797194	4.39837369918589	-13.9155321324299
6.7699999999999	-9.69053537895765	4.25841780408852	-14.0124272207081
6.7799999999999	-9.69064091994335	4.11749320196141	-14.1093232159661
6.7899999999999	-9.69074646092905	3.97559988496778	-14.2062201174802
6.7999999999999	-9.69085200191476	3.83273784527809	-14.3031179245263
6.8099999999999	-9.69095754290046	3.68890707507005	-14.4000166363805
6.8199999999999	-9.69106308388616	3.54410756652862	-14.4969162523189
6.8299999999999	-9.69116862487186	3.398339311846	-14.5938167716174
6.8399999999999	-9.69127416585757	3.25160230322166	-14.6907181935522
6.8499999999999	-9.69137970684327	3.1038965328623	-14.7876205173993
6.8599999999999	-9.69148524782897	2.95522199298188	-14.8845237424347
6.8699999999999	-9.69159078881468	2.8055786758016	-14.9814278679344
6.8799999999999	-9.69169632980038	2.65496657354991	-15.0783328931745
6.8899999999999	-9.69180187078608	2.50338567846253	-15.1752388174309
6.8999999999999	-9.69190741177178	2.35083598278239	-15.2721456399797
6.9099999999999	-9.69201295275749	2.19731747875971	-15.3690533600969
6.9199999999999	-9.69211849374319	2.04283015865194	-15.4659619770584
6.9299999999999	-9.69222403472889	1.88737401472377	-15.5628714901403
6.9399999999999	-9.6923295757146	1.73094903924716	-15.6597818986186
6.9499999999999	-9.6924351167003	1.5735552245013	-15.7566932017691
6.9599999999999	-9.692540657686	1.41519256277265	-15.853605398868
6.9699999999999	-9.6926461986717	1.25586104635491	-15.9505184891912
6.9799999999999	-9.6927517396574	1.09556066754903	-16.0474324720145
6.9899999999999	-9.69285728064311	0.934291418663192	-16.1443473466141
6.9999999999999	-9.69296282162881	0.772053292012861	-16.2412631122658
7.00999999999989	-9.69306836261451	0.60884627992073	-16.3381797682457
7.01999999999989	-9.69317390360022	0.444670374716749	-16.4350973138295
7.02999999999989	-9.69327944458592	0.279525568738114	-16.5320157482933
7.03999999999989	-9.69338498557162	0.78259268500148	13.0157070469153
7.04999999999989	-9.69349052655733	0.91193850314526	12.9187762784603
7.05999999999989	-9.69359606754303	1.04031491484501	12.8218444018695
7.06999999999989	-9.69370160852873	1.1677219102534	12.7249114178672
7.07999999999989	-9.69380714951443	1.29415947953034	12.6279773271781
7.08999999999989	-9.69391269050014	1.419627612843	12.5310421305266
7.09999999999989	-9.69401823148584	1.54412630036582	12.4341058286374
7.10999999999989	-9.69412377247154	1.66765553228048	12.3371684222349
7.11999999999989	-9.69422931345725	1.79021529877593	12.2402299120438
7.12999999999989	-9.69433485444295	1.91180559004836	12.1432902987885
7.13999999999989	-9.69444039542865	2.03242639630126	12.0463495831937
7.14999999999989	-9.69454593641435	2.15207770774532	11.949407765984
7.15999999999989	-9.69465147740006	2.27075951459854	11.8524648478838
7.16999999999989	-9.69475701838576	2.38847180708614	11.7555208296179
7.17999999999989	-9.69486255937146	2.50521457544061	11.6585757119108
7.18999999999989	-9.69496810035716	2.62098780990172	11.5616294954871
7.19999999999989	-9.69507364134287	2.73579150071646	11.4646821810715
7.20999999999989	-9.69517918232857	2.8496256381391	11.3677337693885
7.21999999999989	-9.69528472331427	2.96249021243117	11.2707842611628
7.22999999999989	-9.69539026429998	3.07438521386146	11.173833657119
7.23999999999989	-9.69549580528568	3.18531063270599	11.0768819579817
7.24999999999989	-9.69560134627138	3.29526645924808	10.9799291644757
7.25999999999989	-9.69570688725709	3.40425268377829	10.8829752773256
7.26999999999989	-9.69581242824279	3.51226929659442	10.7860202972559
7.27999999999989	-9.69591796922849	3.61931628800155	10.6890642249915
7.28999999999989	-9.69602351021419	3.72539364831202	10.592107061257
7.29999999999989	-9.69612905119989	3.83050136784543	10.495148806777
7.30999999999989	-9.6962345921856	3.93463943692861	10.3981894622762
7.31999999999989	-9.6963401331713	4.03780784589569	10.3012290284794
7.32999999999989	-9.696445674157	4.14000658508803	10.2042675061113
7.33999999999989	-9.69655121514271	4.24123564485426	10.1073048958965
7.34999999999989	-9.69665675612841	4.34149501555027	10.0103411985598
7.35999999999989	-9.69676229711411	4.4407846875392	9.9133764148259
7.36999999999989	-9.69686783809981	4.53910465119146	9.81641054541954
7.37999999999989	-9.69697337908552	4.63645489688472	9.71944359106547
7.38999999999989	-9.69707892007122	4.73283541500389	9.62247555248842
7.39999999999989	-9.69718446105692	4.82824619594115	9.52550643041315
7.40999999999989	-9.69729000204263	4.92268723009596	9.42853622556442
7.41999999999989	-9.69739554302833	5.01615850787502	9.331564938667
7.42999999999989	-9.69750108401403	5.10866001969227	9.23459257044566
7.43999999999989	-9.69760662499973	5.20019175596895	9.13761912162518
7.44999999999989	-9.69771216598544	5.29075370713354	9.04064459293035
7.45999999999989	-9.69781770697114	5.38034586362177	8.94366898508597
7.46999999999989	-9.69792324795684	5.46896821587665	8.84669229881684
7.47999999999988	-9.69802878894254	5.55662075434842	8.74971453484775
7.48999999999988	-9.69813432992825	5.64330346949462	8.65273569390355
7.49999999999988	-9.69823987091395	5.72901635178003	8.55575577670903
7.50999999999988	-9.69834541189966	5.81375939167667	8.45877478398904
7.51999999999988	-9.69845095288536	5.89753257966385	8.3617927164684
7.52999999999988	-9.69855649387106	5.98033590622813	8.26480957487197
7.53999999999988	-9.69866203485676	6.06216936186332	8.1678253599246
7.54999999999988	-9.69876757584246	6.14303293707052	8.07084007235113
7.55999999999988	-9.69887311682817	6.22292662235804	7.97385371287643
7.56999999999988	-9.69897865781387	6.30185040824151	7.87686628222538
7.57999999999988	-9.69908419879957	6.37980428524377	7.77987778112284
7.58999999999988	-9.69918973978528	6.45678824389494	7.68288821029372
7.59999999999988	-9.69929528077098	6.53280227473241	7.58589757046289
7.60999999999988	-9.69940082175668	6.60784636830083	7.48890586235525
7.61999999999988	-9.69950636274238	6.68192051515208	7.39191308669571
7.62999999999988	-9.69961190372809	6.75502470584533	7.29491924420917
7.63999999999988	-9.69971744471379	6.82715893094702	7.19792433562057
7.64999999999988	-9.69982298569949	6.89832318103081	7.10092836165482
7.65999999999988	-9.69992852668519	6.96851744667766	7.00393132303686
7.66999999999988	-9.7000340676709	7.03774171847577	6.90693322049161
7.67999999999988	-9.7001396086566	7.10599598702061	6.80993405474404
7.68999999999988	-9.7002451496423	7.17328024291491	6.71293382651909
7.69999999999988	-9.70035069062801	7.23959447676866	6.61593253654172
7.70999999999988	-9.70045623161371	7.3049386791991	6.51893018553689
7.71999999999988	-9.70056177259941	7.36931284083075	6.42192677422958
7.72999999999988	-9.70066731358511	7.43271695229537	6.32492230334477
7.73999999999988	-9.70077285457082	7.49515100423201	6.22791677360744
7.74999999999988	-9.70087839555652	7.55661498728696	6.13091018574259
7.75999999999988	-9.70098393654222	7.61710889211378	6.03390254047522
7.76999999999988	-9.70108947752793	7.67663270937327	5.93689383853032
7.77999999999988	-9.70119501851363	7.73518642973353	5.83988408063292
7.78999999999988	-9.70130055949933	7.7927700438699	5.74287326750804
7.79999999999988	-9.70140610048503	7.84938354246497	5.6458613998807
7.80999999999988	-9.70151164147074	7.90502691620861	5.54884847847593
7.81999999999988	-9.70161718245644	7.95970015579795	5.45183450401877
7.82999999999988	-9.70172272344214	8.01340325193737	5.35481947723428
7.83999999999988	-9.70182826442785	8.06613619533853	5.2578033988475
7.84999999999988	-9.70193380541355	8.11789897672034	5.16078626958349
7.85999999999988	-9.70203934639925	8.16869158680897	5.06376809016732
7.86999999999988	-9.70214488738495	8.21851401633785	4.96674886132407
7.87999999999988	-9.70225042837066	8.26736625604769	4.86972858377881
7.88999999999988	-9.70235596935636	8.31524829668644	4.77270725825663
7.89999999999988	-9.70246151034206	8.36216012900933	4.67568488548263
7.90999999999988	-9.70256705132777	8.40810174377884	4.57866146618189
7.91999999999988	-9.70267259231347	8.45307313176472	4.48163700107954
7.92999999999988	-9.70277813329917	8.49707428374398	4.38461149090068
7.93999999999988	-9.70288367428487	8.54010519050089	4.28758493637044
7.94999999999987	-9.70298921527058	8.58216584282698	4.19055733821393
7.95999999999987	-9.70309475625628	8.62325623152105	4.0935286971563
7.96999999999987	-9.70320029724198	8.66337634738917	3.99649901392268
7.97999999999987	-9.70330583822768	8.70252618124464	3.89946828923822
7.98999999999987	-9.70341137921339	8.74070572390807	3.80243652382807
7.99999999999987	-9.70351692019909	8.77791496620729	3.70540371841739
8.00999999999987	-9.70362246118479	8.81415389897741	3.60836987373136
8.01999999999987	-9.70372800217049	8.84942251306081	3.51133499049513
8.02999999999987	-9.7038335431562	8.88372079930713	3.41429906943389
8.03999999999987	-9.7039390841419	8.91704874857327	3.31726211127283
8.04999999999987	-9.7040446251276	8.94940635172338	3.22022411673714
8.05999999999987	-9.70415016611331	8.9807935996289	3.12318508655202
8.06999999999987	-9.70425570709901	9.0112104831685	3.02614502144267
8.07999999999987	-9.70436124808471	9.04065699322815	2.92910392213431
8.08999999999987	-9.70446678907041	9.06913312070106	2.83206178935216
8.09999999999987	-9.70457233005612	9.09663885648771	2.73501862382143
8.10999999999987	-9.70467787104182	9.12317419149584	2.63797442626737
8.11999999999987	-9.70478341202752	9.14873911664045	2.54092919741521
8.12999999999987	-9.70488895301323	9.17333362284382	2.4438829379902
8.13999999999987	-9.70499449399893	9.19695770103548	2.34683564871758
8.14999999999987	-9.70510003498463	9.21961134215222	2.24978733032262
8.15999999999987	-9.70520557597033	9.24129453713811	2.15273798353058
8.16999999999987	-9.70531111695604	9.26200727694446	2.05568760906674
8.17999999999987	-9.70541665794174	9.28174955252987	1.95863620765636
8.18999999999987	-9.70552219892744	9.30052135486018	1.86158378002474
8.19999999999987	-9.70562773991315	9.31832267490852	1.76453032689717
8.20999999999987	-9.70573328089885	9.33515350365526	1.66747584899894
8.21999999999987	-9.70583882188455	9.35101383208804	1.57042034705535
8.22999999999987	-9.70594436287025	9.36590365120177	1.47336382179172
8.23999999999987	-9.70604990385596	9.37982295199863	1.37630627393336
8.24999999999987	-9.70615544484166	9.39277172548805	1.2792477042056
8.25999999999987	-9.70626098582736	9.40474996268673	1.18218811333376
8.26999999999987	-9.70636652681306	9.41575765461863	1.08512750204319
8.27999999999987	-9.70647206779877	9.42579479231499	0.98806587105922
8.28999999999987	-9.70657760878447	9.43486136681429	0.891003221107204
8.29999999999987	-9.70668314977017	9.44295736916229	0.793939552912497
8.30999999999987	-9.70678869075588	9.45008279041202	0.696874867200461
8.31999999999987	-9.70689423174158	9.45623762162377	0.599809164696464
8.32999999999987	-9.70699977272728	9.46142185386507	0.502742446125881
8.33999999999987	-9.70710531371298	9.46563547821076	0.405674712214093
8.34999999999987	-9.70721085469869	9.46887848574291	0.308605963686488
8.35999999999987	-9.70731639568439	9.47115086755086	0.21153620126846
8.36999999999987	-9.70742193667009	9.47245261473123	0.114465425685409
8.37999999999987	-9.70752747765579	9.47278371838789	0.0173936376627429
8.38999999999987	-9.7076330186415	9.47214416963199	-0.0796791620741263
8.39999999999987	-9.7077385596272	9.47053395958192	-0.176752972799778
8.40999999999987	-9.7078441006129	9.46795307936335	-0.273827793788788
8.41999999999986	-9.70794964159861	9.46440152010924	-0.370903624315721
8.42999999999986	-9.70805518258431	9.45987927295977	-0.46798046365514
8.43999999999986	-9.70816072357001	9.45438632906241	-0.5650583110816
8.44999999999986	-9.70826626455572	9.44792267957189	-0.662137165869649
8.45999999999986	-9.70837180554142	9.4404883156502	-0.759217027293828
8.46999999999986	-9.70847734652712	9.43208322846662	-0.856297894628675
8.47999999999986	-9.70858288751282	9.42270740919767	-0.953379767148718
8.48999999999986	-9.70868842849853	9.41236084902714	-1.05046264412848
8.49999999999986	-9.70879396948423	9.40104353914609	-1.14754652484248
8.50999999999986	-9.70889951046993	9.38875547075284	-1.24463140856522
8.51999999999986	-9.70900505145563	9.37549663505299	-1.34171729457122
8.52999999999986	-9.70911059244134	9.36126702325938	-1.43880418213496
8.53999999999986	-9.70921613342704	9.34606662659215	-1.53589207053094
8.54999999999986	-9.70932167441274	9.32989543627867	-1.63298095903365
8.55999999999986	-9.70942721539845	9.31275344355361	-1.73007084691756
8.56999999999986	-9.70953275638415	9.29464063965887	-1.82716173345715
8.57999999999986	-9.70963829736985	9.27555701584365	-1.92425361792688
8.58999999999986	-9.70974383835556	9.2555025633644	-2.02134649960121
8.59999999999986	-9.70984937934126	9.23447727348483	-2.11844037775459
8.60999999999986	-9.70995492032696	9.21248113747592	-2.21553525166148
8.61999999999986	-9.71006046131266	9.18951414661594	-2.31263112059632
8.62999999999986	-9.71016600229837	9.16557629219039	-2.40972798383353
8.63999999999986	-9.71027154328407	9.14066756549204	-2.50682584064755
8.64999999999986	-9.71037708426977	9.11478795782097	-2.6039246903128
8.65999999999986	-9.71048262525547	9.08793746048447	-2.70102453210369
8.66999999999986	-9.71043674664424	9.06011605290125	-2.79812410081754
8.67999999999986	-9.71008802883912	9.03132371304468	-2.89522063284668
8.68999999999986	-9.70973931103399	9.0015604681137	-2.99231365961034
8.69999999999986	-9.70939059322887	8.97082635439424	-3.08940318038443
8.70999999999986	-9.70904187542375	8.93912140817938	-3.18648919444491
8.71999999999986	-9.70869315761863	8.90644566576945	-3.28357170106776
8.72999999999986	-9.70834443981351	8.87279916347194	-3.38065069952899
8.73999999999986	-9.70799572200838	8.83818193760153	-3.47772618910462
8.74999999999986	-9.70764700420326	8.80259402448011	-3.57479816907072
8.75999999999986	-9.70729828639814	8.76603546043675	-3.67186663870338
8.76999999999986	-9.70694956859301	8.72850628180773	-3.76893159727871
8.77999999999986	-9.70660085078789	8.6900065249365	-3.86599304407286
8.78999999999986	-9.70625213298277	8.65053622617372	-3.963050978362
8.79999999999986	-9.70590341517765	8.61009542187722	-4.06010539942232
8.80999999999986	-9.70555469737252	8.56868414841205	-4.15715630653005
8.81999999999986	-9.7052059795674	8.52630244215044	-4.25420369896145
8.82999999999986	-9.70485726176228	8.48295033947179	-4.35124757599279
8.83999999999986	-9.70450854395715	8.43862787676271	-4.44828793690038
8.84999999999986	-9.70415982615203	8.39333509041701	-4.54532478096055
8.85999999999986	-9.70381110834691	8.34707201683568	-4.64235810744968
8.86999999999986	-9.70346239054179	8.29983869242688	-4.73938791564414
8.87999999999986	-9.70311367273666	8.25163515360599	-4.83641420482036
8.88999999999985	-9.70276495493154	8.20246143679556	-4.93343697425478
8.89999999999985	-9.70241623712642	8.15231757842534	-5.03045622322388
8.90999999999985	-9.70206751932129	8.10120361493225	-5.12747195100415
8.91999999999985	-9.70171880151617	8.04911958276043	-5.22448415687211
8.92999999999985	-9.70137008371105	7.99606551836118	-5.32149284010434
8.93999999999985	-9.70102136590593	7.94204145819299	-5.4184979999774
8.94999999999985	-9.7006726481008	7.88704743872156	-5.5154996357679
8.95999999999985	-9.70032393029568	7.83108349641975	-5.61249774675249
8.96999999999985	-9.69997521249056	7.77414966776762	-5.70949233220783
8.97999999999985	-9.69962649468544	7.71624598925242	-5.80648339141061
8.98999999999985	-9.69927777688031	7.65737249736857	-5.90347092363755
8.99999999999985	-9.69892905907519	7.5975292286177	-6.00045492816539
9.00999999999985	-9.69858034127007	7.5367162195086	-6.09743540427092
9.01999999999985	-9.69823162346495	7.47493350655727	-6.19441235123093
9.02999999999985	-9.69788290565982	7.41218112628688	-6.29138576832226
9.03999999999985	-9.6975341878547	7.34845911522779	-6.38835565482175
9.04999999999985	-9.69718547004958	7.28376750991753	-6.4853220100063
9.05999999999985	-9.69683675224445	7.21810634690083	-6.58228483315282
9.06999999999985	-9.69648803443933	7.15147566272962	-6.67924412353825
9.07999999999985	-9.69613931663421	7.08387549396297	-6.77619988043955
9.08999999999985	-9.69579059882908	7.01530587716717	-6.87315210313372
9.09999999999985	-9.69544188102396	6.94576684891568	-6.97010079089779
9.10999999999985	-9.69509316321884	6.87525844578915	-7.06704594300879
9.11999999999985	-9.69474444541372	6.80378070437539	-7.16398755874382
9.12999999999985	-9.6943957276086	6.73133366126941	-7.26092563737997
9.13999999999985	-9.69404700980347	6.65791735307342	-7.35786017819438
9.14999999999985	-9.69369829199835	6.58353181639678	-7.45479118046421
9.15999999999985	-9.69334957419323	6.50817708785604	-7.55171864346664
9.16999999999985	-9.6930008563881	6.43185320407493	-7.6486425664789
9.17999999999985	-9.69265213858298	6.35456020168438	-7.74556294877822
9.18999999999985	-9.69230342077786	6.27629811732248	-7.84247978964188
9.19999999999985	-9.69195470297274	6.19706698763451	-7.93939308834717
9.20999999999985	-9.69160598516761	6.11686684927292	-8.03630284417142
9.21999999999985	-9.69125726736249	6.03569773889734	-8.13320905639198
9.22999999999985	-9.69090854955737	5.9535596931746	-8.23011172428624
9.23999999999985	-9.69055983175224	5.87045274877869	-8.3270108471316
9.24999999999985	-9.69021111394712	5.78637694239078	-8.42390642420551
9.25999999999985	-9.689862396142	5.70133231069922	-8.52079845478541
9.26999999999985	-9.68951367833687	5.61531889039955	-8.61768693814882
9.27999999999985	-9.68916496053175	5.52833671819446	-8.71457187357324
9.28999999999985	-9.68881624272663	5.44038583079386	-8.81145326033622
9.29999999999985	-9.68846752492151	5.35146626491479	-8.90833109771534
9.30999999999985	-9.68811880711639	5.2615780572815	-9.0052053849882
9.31999999999985	-9.68777008931126	5.17072124462542	-9.10207612143243
9.32999999999985	-9.68742137150614	5.07889586368512	-9.19894330632569
9.33999999999985	-9.68707265370102	4.98610195120639	-9.29580693894566
9.34999999999985	-9.68672393589589	4.89233954394216	-9.39266701857006
9.35999999999984	-9.68637521809077	4.79760867865256	-9.48952354447662
9.36999999999984	-9.68602650028565	4.70190939210489	-9.58637651594312
9.37999999999984	-9.68567778248053	4.60524172107362	-9.68322593224736
9.38999999999984	-9.6853290646754	4.50760570234039	-9.78007179266715
9.39999999999984	-9.68498034687028	4.40900137269403	-9.87691409648035
9.40999999999984	-9.68463162906516	4.30942876893054	-9.97375284296484
9.41999999999984	-9.68428291126003	4.20888792785307	-10.0705880313985
9.42999999999984	-9.68393419345491	4.10737888627198	-10.1674196610593
9.43999999999984	-9.68358547564979	4.00490168100479	-10.2642477312252
9.44999999999984	-9.68323675784467	3.90145634887617	-10.3610722411742
9.45999999999984	-9.68288804003954	3.79704292671801	-10.4578931901843
9.46999999999984	-9.68253932223442	3.69166145136932	-10.5547105775336
9.47999999999984	-9.6821906044293	3.58531195967632	-10.6515244025
9.48999999999984	-9.68184188662418	3.47799448849239	-10.7483346643618
9.49999999999984	-9.68149316881905	3.36970907467808	-10.8451413623971
9.50999999999984	-9.68114445101393	3.26045575510111	-10.9419444958839
9.51999999999984	-9.68079573320881	3.15023456663638	-11.0387440641005
9.52999999999984	-9.68044701540368	3.03904554616594	-11.1355400663252
9.53999999999984	-9.68009829759856	2.92688873057904	-11.2323325018361
9.54999999999984	-9.67974957979344	2.81376415677209	-11.3291213699115
9.55999999999984	-9.67940086198832	2.69967186164864	-11.4259066698297
9.56999999999984	-9.67905214418319	2.58461188211946	-11.5226884008691
9.57999999999984	-9.67870342637807	2.46858425510245	-11.6194665623079
9.58999999999984	-9.67835470857295	2.35158901752271	-11.7162411534246
9.59999999999984	-9.67800599076782	2.23362620631247	-11.8130121734976
9.60999999999984	-9.6776572729627	2.11469585841116	-11.9097796218053
9.61999999999984	-9.67730855515758	1.99479801076538	-12.0065434976261
9.62999999999984	-9.67695983735246	1.87393270032887	-12.1033038002387
9.63999999999984	-9.67661111954733	1.75209996406256	-12.2000605289214
9.64999999999984	-9.67626240174221	1.62929983893455	-12.2968136829528
9.65999999999984	-9.67591368393709	1.50553236192009	-12.3935632616115
9.66999999999984	-9.67556496613197	1.38079757000161	-12.4903092641762
9.67999999999984	-9.67521624832684	1.2550955001687	-12.5870516899254
9.68999999999984	-9.67486753052172	1.12842618941813	-12.6837905381377
9.69999999999984	-9.6745188127166	1.0007896747538	-12.780525808092
9.70999999999984	-9.67417009491147	0.872185993186821	-12.8772574990668
9.71999999999984	-9.67382137710635	0.742615181735441	-12.973985610341
9.72999999999984	-9.67347265930123	0.612077277425082	-13.0707101411932
9.73999999999984	-9.67312394149611	0.480572317288328	-13.1674310909024
9.74999999999984	-9.67277522369098	0.348100338364931	-13.2641484587473
9.75999999999984	-9.67242650588586	0.214661377701803	-13.3608622440068
9.76999999999984	-9.67207778808074	0.0802554723530226	-13.4575724459597
9.77999999999984	-9.67172907027562	0.633762021770531	10.514516004015
9.78999999999984	-9.67138035247049	0.73809551161933	10.4178042896237
9.79999999999984	-9.67103163466537	0.84146177497158	10.3210959809225
9.80999999999984	-9.67068291686025	0.943860847112819	10.2243910786326
9.81999999999984	-9.67033419905512	1.04529276333575	10.1276895834755
9.82999999999983	-9.66998548125	1.14575755894026	10.0309914961725
9.83999999999983	-9.66963676344488	1.24525526923338	9.93429681744483
9.84999999999983	-9.66928804563976	1.34378592952931	9.83760554801374
9.85999999999983	-9.66893932783463	1.44134957514945	9.74091768860049
9.86999999999983	-9.66859061002951	1.53794624142233	9.64423323992627
9.87999999999983	-9.66824189222439	1.63357596368366	9.54755220271225
9.88999999999983	-9.66789317441927	1.72823877727631	9.45087457767958
9.89999999999983	-9.66754445661414	1.82193471755034	9.35420036554939
9.90999999999983	-9.66719573880902	1.91466381986295	9.25752956704277
9.91999999999983	-9.6668470210039	2.00642611957852	9.16086218288079
9.92999999999983	-9.66649830319877	2.09722165206857	9.06419821378449
9.93999999999983	-9.66614958539365	2.18705045271183	8.96753766047489
9.94999999999983	-9.66580086758853	2.27591255689415	8.87088052367297
9.95999999999983	-9.66545214978341	2.36380800000857	8.7742268040997
9.96999999999983	-9.66510343197828	2.45073681745529	8.67757650247602
9.97999999999983	-9.66475471417316	2.53669904464167	8.58092961952282
9.98999999999983	-9.66440599636804	2.62169471698223	8.484286155961
9.99999999999983	-9.66405727856291	2.70572386989867	8.38764611251141
10.0099999999998	-9.66370856075779	2.78878653881983	8.29100948989488
10.0199999999998	-9.66335984295267	2.87088275918174	8.19437628883221
10.0299999999998	-9.66301112514755	2.95201256642756	8.09774651004417
10.0399999999998	-9.66266240734242	3.03217599600764	8.00112015425151
10.0499999999998	-9.6623136895373	3.11137308337947	7.90449722217496
10.0599999999998	-9.66196497173218	3.18960386400773	7.80787771453521
10.0699999999998	-9.66161625392706	3.26686837336422	7.71126163205293
10.0799999999998	-9.66126753612193	3.34316664692795	7.61464897544876
10.0899999999998	-9.66091881831681	3.41849872018506	7.51803974544331
10.0999999999998	-9.66057010051169	3.49286462862885	7.42143394275717
10.1099999999998	-9.66022138270656	3.56626440775979	7.32483156811091
10.1199999999998	-9.65987266490144	3.6386980930855	7.22823262222505
10.1299999999998	-9.65952394709632	3.71016572012079	7.13163710582011
10.1399999999998	-9.6591752292912	3.78066732438758	7.03504501961657
10.1499999999998	-9.65882651148607	3.85020294141499	6.93845636433488
10.1599999999998	-9.65847779368095	3.91877260673928	6.84187114069546
10.1699999999998	-9.65812907587583	3.98637635590387	6.74528934941873
10.1799999999998	-9.6577803580707	4.05301422445935	6.64871099122504
10.1899999999998	-9.65743164026558	4.11868624796346	6.55213606683476
10.1999999999998	-9.65708292246046	4.18339246198109	6.4555645769682
10.2099999999998	-9.65673420465534	4.24713290208429	6.35899652234565
10.2199999999998	-9.65638548685022	4.30990760385229	6.26243190368738
10.2299999999998	-9.65603676904509	4.37171660287145	6.16587072171362
10.2399999999998	-9.65568805123997	4.43255993473529	6.0693129771446
10.2499999999998	-9.65533933343485	4.4924376350445	5.9727586707005
10.2599999999998	-9.65499061562972	4.55134973940692	5.87620780310148
10.2699999999998	-9.6546418978246	4.60929628343754	5.77966037506766
10.2799999999998	-9.65429318001948	4.66627730275851	5.68311638731917
10.2899999999998	-9.65394446221435	4.72229283299913	5.58657584057606
10.2999999999998	-9.65359574440923	4.77734290979587	5.4900387355584
10.3099999999998	-9.65324702660411	4.83142756879235	5.39350507298621
10.3199999999998	-9.65289830879899	4.88454684563932	5.29697485357949
10.3299999999998	-9.65254959099386	4.93670077599472	5.20044807805822
10.3399999999998	-9.65220087318874	4.98788939552362	5.10392474714232
10.3499999999998	-9.65185215538362	5.03811273989826	5.00740486155173
10.3599999999998	-9.6515034375785	5.08737084479802	4.91088842200633
10.3699999999998	-9.65115471977337	5.13566374590943	4.81437542922598
10.3799999999998	-9.65080600196825	5.18299147892619	4.71786588393053
10.3899999999998	-9.65045728416313	5.22935407954914	4.62135978683979
10.3999999999998	-9.65010856635801	5.27475158348628	4.52485713867352
10.4099999999998	-9.64975984855288	5.31918402645275	4.4283579401515
10.4199999999998	-9.64941113074776	5.36265144417086	4.33186219199345
10.4299999999998	-9.64906241294264	5.40515387237004	4.23536989491907
10.4399999999998	-9.64871369513751	5.44669134678692	4.13888104964805
10.4499999999998	-9.64836497733239	5.48726390316523	4.04239565690001
10.4599999999998	-9.64801625952727	5.52687157725588	3.9459137173946
10.4699999999998	-9.64766754172215	5.56551440481693	3.8494352318514
10.4799999999998	-9.64731882391702	5.60319242161357	3.75296020098997
10.4899999999998	-9.6469701061119	5.63990566341817	3.65648862552987
10.4999999999998	-9.64662138830678	5.67565416601022	3.5600205061906
10.5099999999998	-9.64627267050165	5.71043796517638	3.46355584369165
10.5199999999998	-9.64592395269653	5.74425709671044	3.36709463875249
10.5299999999998	-9.64557523489141	5.77711159641336	3.27063689209253
10.5399999999998	-9.64522651708629	5.80900150009323	3.17418260443119
10.5499999999998	-9.64487779928116	5.83992684356531	3.07773177648785
10.5599999999998	-9.64452908147604	5.86988766265198	2.98128440898185
10.5699999999998	-9.64418036367092	5.89888399318278	2.88484050263253
10.5799999999998	-9.6438316458658	5.92691587099441	2.78840005815918
10.5899999999998	-9.64348292806067	5.9539833319307	2.69196307628107
10.5999999999998	-9.64313421025555	5.98008641184263	2.59552955771745
10.6099999999998	-9.64278549245043	6.00522514658833	2.49909950318752
10.6199999999998	-9.6424367746453	6.02939957203307	2.40267291341049
10.6299999999998	-9.64208805684018	6.05260972404928	2.30624978910551
10.6399999999998	-9.64173933903506	6.07485563851652	2.20983013099171
10.6499999999998	-9.64139062122994	6.09613735132151	2.11341393978822
10.6599999999998	-9.64104190342481	6.1164548983581	2.0170012162141
10.6699999999998	-9.64069318561969	6.13580831552728	1.92059196098841
10.6799999999998	-9.64034446781457	6.15419763873721	1.82418617483019
10.6899999999998	-9.63999575000944	6.17162290390318	1.72778385845842
10.6999999999998	-9.63964703220432	6.18808414694762	1.63138501259209
10.7099999999998	-9.6392983143992	6.20358140380011	1.53498963795013
10.7199999999998	-9.63894959659408	6.21811471039736	1.43859773525148
10.7299999999998	-9.63860087878895	6.23168410268325	1.34220930521501
10.7399999999998	-9.63825216098383	6.24428961660877	1.2458243485596
10.7499999999998	-9.63790344317871	6.25593128813208	1.14944286600408
10.7599999999998	-9.63755472537358	6.26660915321847	1.05306485826726
10.7699999999998	-9.63720600756846	6.27632324784037	0.956690326067925
10.7799999999998	-9.63685728976334	6.28507360797735	0.860319270124835
10.7899999999998	-9.63650857195822	6.29286026961614	0.763951691156716
10.7999999999998	-9.6361598541531	6.29968326875058	0.66758758988227
10.8099999999998	-9.63581113634797	6.30554264138169	0.571226967020172
10.8199999999998	-9.63546241854285	6.31043842351758	0.474869823289071
10.8299999999998	-9.63511370073773	6.31437065117356	0.378516159407586
10.8399999999998	-9.6347649829326	6.31733936037202	0.282165976094312
10.8499999999998	-9.63441626512748	6.31934458714254	0.185819274067814
10.8599999999998	-9.63406754732236	6.32038636752181	0.0894760540466323
10.8699999999998	-9.63371882951724	6.32046473755366	-0.0068636832507219
10.8799999999998	-9.63337011171211	6.31957973328908	-0.103199937105763
10.8899999999998	-9.63302139390699	6.31773139078617	-0.199532706800035
10.8999999999998	-9.63267267610187	6.3149197461102	-0.295861991615105
10.9099999999998	-9.63232395829674	6.31114483533354	-0.392187790832571
10.9199999999998	-9.63197524049162	6.30640669453573	-0.488510103734057
10.9299999999998	-9.6316265226865	6.30070535980344	-0.584828929601214
10.9399999999998	-9.63127780488138	6.29404086723046	-0.68114426771572
10.9499999999998	-9.63092908707625	6.28641325291774	-0.77745611735928
10.9599999999998	-9.63058036927113	6.27782255297335	-0.873764477813628
10.9699999999998	-9.63023165146601	6.26826880351252	-0.970069348360522
10.9799999999998	-9.62988293366088	6.25775204065757	-1.06637072828175
10.9899999999998	-9.62953421585576	6.24627230053801	-1.16266861685913
10.9999999999998	-9.62918549805064	6.23382961929044	-1.2589630133745
11.0099999999998	-9.62883678024552	6.22042403305864	-1.35525391710972
11.0199999999998	-9.62848806244039	6.20605557799347	-1.4515413273467
11.0299999999998	-9.62813934463527	6.19072429025298	-1.54782524336736
11.0399999999998	-9.62779062683015	6.17443020600232	-1.64410566445365
11.0499999999998	-9.62744190902503	6.15717336141378	-1.74038258988755
11.0599999999998	-9.6270931912199	6.13895379266679	-1.83665601895106
11.0699999999998	-9.62674447341478	6.11977153594791	-1.93292595092621
11.0799999999998	-9.62639575560966	6.09962662745083	-2.02919238509506
11.0899999999998	-9.62604703780453	6.07851910337639	-2.12545532073971
11.0999999999998	-9.62569831999941	6.05644899993253	-2.22171475714226
11.1099999999998	-9.62534960219429	6.03341635333436	-2.31797069358486
11.1199999999998	-9.62500088438917	6.00942119980409	-2.41422312934967
11.1299999999998	-9.62465216658404	5.98446357557108	-2.5104720637189
11.1399999999998	-9.62430344877892	5.95854351687182	-2.60671749597475
11.1499999999998	-9.6239547309738	5.93166105994993	-2.7029594253995
11.1599999999998	-9.62360601316868	5.90381624105615	-2.79919785127541
11.1699999999998	-9.62325729536355	5.87500909644837	-2.89543277288478
11.1799999999998	-9.62290857755843	5.8452396623916	-2.99166418950996
11.1899999999998	-9.62255985975331	5.81450797515797	-3.0878921004333
11.1999999999998	-9.62221114194818	5.78281407102676	-3.18411650493719
11.2099999999998	-9.62186242414306	5.75015798628437	-3.28033740230404
11.2199999999998	-9.62151370633794	5.71653975722432	-3.3765547918163
11.2299999999998	-9.62116498853282	5.68195942014728	-3.47276867275643
11.2399999999998	-9.62081627072769	5.64641701136103	-3.56897904440693
11.2499999999998	-9.62046755292257	5.60991256718049	-3.66518590605033
11.2599999999998	-9.62011883511745	5.57244612392769	-3.76138925696918
11.2699999999998	-9.61977011731232	5.53401771793182	-3.85758909644606
11.2799999999998	-9.6194213995072	5.49462738552918	-3.95378542376356
11.2899999999998	-9.61907268170208	5.45427516306317	-4.04997823820433
11.2999999999998	-9.61872396389696	5.41296108688437	-4.14616753905103
11.3099999999998	-9.61837524609184	5.37068519335045	-4.24235332558635
11.3199999999998	-9.61802652828671	5.32744751882621	-4.33853559709299
11.3299999999998	-9.61767781048159	5.28324809968359	-4.43471435285371
11.3399999999998	-9.61732909267647	5.23808697230166	-4.53088959215128
11.3499999999998	-9.61698037487134	5.19196417306658	-4.62706131426849
11.3599999999998	-9.61663165706622	5.14487973837167	-4.72322951848817
11.3699999999998	-9.6162829392611	5.09683370461737	-4.81939420409316
11.3799999999998	-9.61593422145598	5.04782610821123	-4.91555537036637
11.3899999999998	-9.61558550365085	4.99785698556794	-5.01171301659068
11.3999999999998	-9.61523678584573	4.94692637310931	-5.10786714204903
11.4099999999998	-9.61488806804061	4.89503430726426	-5.2040177460244
11.4199999999998	-9.61453935023548	4.84218082446885	-5.30016482779976
11.4299999999998	-9.61419063243036	4.78836596116627	-5.39630838665814
11.4399999999998	-9.61384191462524	4.73358975380681	-5.49244842188257
11.4499999999998	-9.61349319682012	4.6778522388479	-5.58858493275614
11.4599999999998	-9.61314447901499	4.62115345275407	-5.68471791856195
11.4699999999998	-9.61279576120987	4.56349343199702	-5.78084737858311
11.4799999999998	-9.61244704340475	4.50487221305551	-5.87697331210279
11.4899999999998	-9.61209832559963	4.44528983241548	-5.97309571840417
11.4999999999998	-9.6117496077945	4.38474632656994	-6.06921459677046
11.5099999999998	-9.61140088998938	4.32324173201906	-6.16532994648489
11.5199999999998	-9.61105217218426	4.26077608527011	-6.26144176683073
11.5299999999998	-9.61070345437913	4.19734942283748	-6.35755005709128
11.5399999999998	-9.61035473657401	4.1329617812427	-6.45365481654985
11.5499999999998	-9.61000601876889	4.0676131970144	-6.54975604448979
11.5599999999998	-9.60965730096377	4.00130370668834	-6.64585374019447
11.5699999999998	-9.60930858315864	3.93403334680739	-6.74194790294731
11.5799999999998	-9.60895986535352	3.86580215392154	-6.83803853203172
11.5899999999998	-9.6086111475484	3.79661016458791	-6.93412562673117
11.5999999999998	-9.60826242974327	3.72645741537074	-7.03020918632914
11.6099999999998	-9.60791371193815	3.65534394284136	-7.12628921010914
11.6199999999998	-9.60756499413303	3.58326978357825	-7.22236569735472
11.6299999999998	-9.60721627632791	3.51023497416699	-7.31843864734944
11.6399999999998	-9.60686755852278	3.4362395512003	-7.4145080593769
11.6499999999998	-9.60651884071766	3.36128355127797	-7.51057393272073
11.6599999999998	-9.60617012291254	3.28536701100697	-7.60663626666456
11.6699999999998	-9.60582140510741	3.20848996700132	-7.70269506049208
11.6799999999998	-9.60547268730229	3.13065245588222	-7.798750313487
11.6899999999998	-9.60512396949717	3.05185451427793	-7.89480202493305
11.6999999999998	-9.60477525169205	2.97209617882387	-7.99085019411399
11.7099999999998	-9.60442653388692	2.89137748616254	-8.08689482031361
11.7199999999998	-9.6040778160818	2.80969847294359	-8.18293590281572
11.7299999999998	-9.60372909827668	2.72705917582375	-8.27897344090417
11.7399999999998	-9.60338038047156	2.64345963146689	-8.37500743386284
11.7499999999998	-9.60303166266643	2.55889987654397	-8.47103788097561
11.7599999999998	-9.60268294486131	2.47337994773311	-8.56706478152642
11.7699999999998	-9.60233422705619	2.38689988171948	-8.66308813479922
11.7799999999998	-9.60198550925107	2.29945971519541	-8.759107940078
11.7899999999998	-9.60163679144594	2.21105948486033	-8.85512419664676
11.7999999999998	-9.60128807364082	2.12169922742079	-8.95113690378954
11.8099999999998	-9.6009393558357	2.03137897959042	-9.0471460607904
11.8199999999998	-9.60059063803057	1.94009877809001	-9.14315166693344
11.8299999999998	-9.60024192022545	1.84785865964742	-9.23915372150278
11.8399999999998	-9.59989320242033	1.75465866099766	-9.33515222378257
11.8499999999998	-9.5995444846152	1.66049881888282	-9.43114717305698
11.8599999999998	-9.59919576681008	1.56537917005211	-9.52713856861022
11.8699999999998	-9.59884704900496	1.46929975126185	-9.62312640972652
11.8799999999998	-9.59849833119984	1.37226059927549	-9.71911069569013
11.8899999999998	-9.59814961339471	1.27426175086356	-9.81509142578534
11.8999999999998	-9.59780089558959	1.17530324280373	-9.91106859929647
11.9099999999998	-9.59745217778447	1.07538511188074	-10.0070422155079
11.9199999999998	-9.59710345997935	0.974507394886482	-10.1030122737039
11.9299999999998	-9.59675474217422	0.872670128619931	-10.1989787731689
11.9399999999998	-9.5964060243691	0.769873349887178	-10.2949417131874
11.9499999999998	-9.59605730656398	0.666117095501424	-10.3909010930438
11.9599999999998	-9.59570858875886	0.561401402282976	-10.4868569120226
11.9699999999998	-9.59535987095373	0.455726307059249	-10.5828091694083
11.9799999999998	-9.59501115314861	0.349091846664767	-10.6787578644854
11.9899999999998	-9.59466243534349	0.241498057941161	-10.7747029965385
11.9999999999998	-9.59431371753836	0.132944977737168	-10.8706445648521
12.0099999999998	-9.59396499973324	0.515837036316761	8.44141637704751
12.0199999999998	-9.59361628192812	0.599433637683278	8.34547498533436
12.0299999999998	-9.593267564123	0.682070741718717	8.24953701454033
12.0399999999998	-9.59291884631787	0.763748383851065	8.15360246538101
12.0499999999998	-9.59257012851275	0.844466599515417	8.05767133857194
12.0599999999998	-9.59222141070763	0.92422542415398	7.96174363482865
12.0699999999998	-9.59187269290251	1.00302489321607	7.86581935486666
12.0799999999998	-9.59152397509738	1.08086504215811	7.76989849940143
12.0899999999998	-9.59117525729226	1.15774590644364	7.67398106914841
12.0999999999998	-9.59082653948714	1.23366752154331	7.57806706482304
12.1099999999998	-9.59047782168201	1.30862992293485	7.48215648714069
12.1199999999998	-9.59012910387689	1.38263314610314	7.38624933681675
12.1299999999998	-9.58978038607177	1.45567722654014	7.29034561456655
12.1399999999998	-9.58943166826665	1.52776219974494	7.19444532110541
12.1499999999998	-9.58908295046152	1.59888810122371	7.09854845714862
12.1599999999998	-9.5887342326564	1.66905496648974	7.00265502341144
12.1699999999998	-9.58838551485128	1.73826283106344	6.9067650206091
12.1799999999998	-9.58803679704616	1.80651173047232	6.81087844945682
12.1899999999998	-9.58768807924103	1.87380170025097	6.71499531066978
12.1999999999998	-9.58733936143591	1.94013277594113	6.61911560496312
12.2099999999998	-9.58699064363079	2.00550499309161	6.52323933305198
12.2199999999998	-9.58664192582566	2.06991838725834	6.42736649565146
12.2299999999998	-9.58629320802054	2.13337299400437	6.33149709347664
12.2399999999998	-9.58594449021542	2.19586884889982	6.23563112724256
12.2499999999998	-9.5855957724103	2.25740598752195	6.13976859766424
12.2599999999998	-9.58524705460517	2.31798444545511	6.04390950545667
12.2699999999998	-9.58489833680005	2.37760425829074	5.94805385133483
12.2799999999998	-9.58454961899493	2.43626546162741	5.85220163601366
12.2899999999998	-9.5842009011898	2.49396809107078	5.75635286020806
12.2999999999998	-9.58385218338468	2.5507121822336	5.66050752463293
12.3099999999998	-9.58350346557956	2.60649777073576	5.56466563000312
12.3199999999998	-9.58315474777444	2.66132489220422	5.46882717703346
12.3299999999998	-9.58280602996931	2.71519358227306	5.37299216643877
12.3399999999998	-9.58245731216419	2.76810387658344	5.27716059893383
12.3499999999998	-9.58210859435907	2.82005581078366	5.18133247523337
12.3599999999998	-9.58175987655395	2.87104942052908	5.08550779605214
12.3699999999998	-9.58141115874882	2.92108474148219	4.98968656210483
12.3799999999998	-9.5810624409437	2.97016180931257	4.89386877410611
12.3899999999998	-9.58071372313858	3.0182806596969	4.79805443277063
12.3999999999998	-9.58036500533346	3.06544132831897	4.70224353881299
12.4099999999998	-9.58001628752833	3.11164385086967	4.60643609294781
12.4199999999998	-9.57966756972321	3.15688826304697	4.51063209588963
12.4299999999998	-9.57931885191809	3.20117460055596	4.414831548353
12.4399999999998	-9.57897013411296	3.24450289910883	4.31903445105242
12.4499999999998	-9.57862141630784	3.28687319442485	4.22324080470239
12.4599999999998	-9.57827269850272	3.32828552223041	4.12745061001735
12.4699999999998	-9.57792398069759	3.36873991825899	4.03166386771174
12.4799999999998	-9.57757526289247	3.40823641825117	3.93588057849996
12.4899999999998	-9.57722654508735	3.44677505795462	3.84010074309638
12.4999999999998	-9.57687782728223	3.48435587312412	3.74432436221536
12.5099999999998	-9.5765291094771	3.52097889952155	3.64855143657121
12.5199999999998	-9.57618039167198	3.55664417291587	3.55278196687823
12.5299999999998	-9.57583167386686	3.59135172908314	3.45701595385069
12.5399999999998	-9.57548295606174	3.62510160380654	3.36125339820283
12.5499999999998	-9.57513423825661	3.65789383287633	3.26549430064886
12.5599999999998	-9.57478552045149	3.68972845208985	3.16973866190297
12.5699999999998	-9.57443680264637	3.72060549725156	3.07398648267933
12.5799999999998	-9.57408808484125	3.75052500417302	2.97823776369205
12.5899999999998	-9.57373936703612	3.77948700867285	2.88249250565526
12.5999999999998	-9.573390649231	3.80749154657681	2.78675070928302
12.6099999999998	-9.57304193142588	3.83453865371772	2.69101237528939
12.6199999999998	-9.57269321362075	3.86062836593551	2.5952775043884
12.6299999999998	-9.57234449581563	3.88576071907721	2.49954609729404
12.6399999999998	-9.57199577801051	3.90993574899692	2.40381815472029
12.6499999999998	-9.57164706020538	3.93315349155586	2.30809367738108
12.6599999999998	-9.57129834240026	3.95541398262234	2.21237266599034
12.6699999999998	-9.57094962459514	3.97671725807174	2.11665512126195
12.6799999999998	-9.57060090679002	3.99706335378655	2.02094104390979
12.6899999999998	-9.57025218898489	4.01645230565637	1.92523043464767
12.6999999999998	-9.56990347117977	4.03488414957785	1.82952329418942
12.7099999999998	-9.56955475337465	4.05235892145477	1.73381962324881
12.7199999999998	-9.56920603556953	4.06887665719799	1.6381194225396
12.7299999999998	-9.5688573177644	4.08443739272545	1.54242269277551
12.7399999999998	-9.56850859995928	4.09904116396219	1.44672943467026
12.7499999999998	-9.56815988215416	4.11268800684034	1.3510396489375
12.7599999999998	-9.56781116434903	4.12537795729913	1.25535333629089
12.7699999999998	-9.56746244654391	4.13711105128487	1.15967049744404
12.7799999999998	-9.56711372873879	4.14788732475096	1.06399113311056
12.7899999999998	-9.56676501093367	4.15770681365788	0.968315244003992
12.7999999999998	-9.56641629312855	4.16656955397323	0.872642830837889
12.8099999999998	-9.56606757532342	4.17447558167167	0.776973894325757
12.8199999999998	-9.5657188575183	4.18142493273496	0.68130843518108
12.8299999999998	-9.56537013971318	4.18741764315195	0.585646454117316
12.8399999999998	-9.56502142190805	4.19245374891858	0.489987951847892
12.8499999999998	-9.56467270410293	4.19653328603786	0.394332929086213
12.8599999999998	-9.56432398629781	4.19965629051992	0.298681386545652
12.8699999999998	-9.56397526849269	4.20182279838195	0.203033324939559
12.8799999999998	-9.56362655068756	4.20303284564824	0.107388744981253
12.8899999999998	-9.56327783288244	4.20328646835015	0.0117476473840295
12.8999999999998	-9.56292911507732	4.20258370252617	-0.0838899671388461
12.9099999999998	-9.56258039727219	4.20092458422182	-0.179524097874134
12.9199999999998	-9.56223167946707	4.19830914948974	-0.275154744108622
12.9299999999998	-9.56188296166195	4.19473743438966	-0.370781905129124
12.9399999999998	-9.56153424385682	4.19020947498837	-0.466405580222484
12.9499999999998	-9.5611855260517	4.18472530735977	-0.56202576867557
12.9599999999998	-9.56083680824658	4.17828496758482	-0.657642469775278
12.9699999999998	-9.56048809044146	4.1708884917516	-0.753255682808533
12.9799999999998	-9.56013937263634	4.16253591595524	-0.848865407062285
12.9899999999998	-9.55979065483121	4.15322727629798	-0.944471641823512
12.9999999999998	-9.55944193702609	4.14296260888912	-1.04007438637922
