0	-9.7685	10.256	15
0.01	-9.76826069046685	10.4055115789885	14.9023161965477
0.02	-9.7680213809337	10.5540463319079	14.8046347861907
0.03	-9.76778207140055	10.7016042826893	14.706955768929
0.04	-9.7675427618674	10.8481854552635	14.6092791447627
0.05	-9.76730345233425	10.9937898735615	14.5116049136916
0.06	-9.7670641428011	11.1384175615143	14.413933075716
0.07	-9.76682483326795	11.2820685430528	14.3162636308356
0.08	-9.7665855237348	11.424742842108	14.2185965790506
0.09	-9.76634621420165	11.5664404826108	14.1209319203609
0.1	-9.7661069046685	11.7071614884922	14.0232696547666
0.11	-9.76586759513535	11.8469058836831	13.9256097822676
0.12	-9.7656282856022	11.9856736921146	13.8279523028639
0.13	-9.76538897606905	12.1234649377174	13.7302972165555
0.14	-9.7651496665359	12.2602796444226	13.6326445233425
0.15	-9.76491035700275	12.3961178361612	13.5349942232248
0.16	-9.76467104746959	12.5309795368641	13.4373463162024
0.17	-9.76443173793644	12.6648647704623	13.3397008022754
0.18	-9.7641924284033	12.7977735608866	13.2420576814437
0.19	-9.76395311887014	12.9297059320681	13.1444169537073
0.2	-9.76371380933699	13.0606619079377	13.0467786190663
0.21	-9.76347449980384	13.1906415124264	12.9491426775206
0.22	-9.7632351902707	13.3196447694651	12.8515091290702
0.23	-9.76299588073754	13.4476717029848	12.7538779737152
0.24	-9.76275657120439	13.5747223369164	12.6562492114555
0.25	-9.76251726167124	13.7007966951909	12.5586228422911
0.26	-9.76227795213809	13.8258948017392	12.460998866222
0.27	-9.76203864260494	13.9500166804923	12.3633772832483
0.28	-9.76179933307179	14.0731623553812	12.2657580933699
0.29	-9.76156002353864	14.1953318503367	12.1681412965869
0.3	-9.76132071400549	14.3165251892899	12.0705268928992
0.31	-9.76108140447234	14.4367423961717	11.9729148823068
0.32	-9.76084209493919	14.555983494913	11.8753052648097
0.33	-9.76060278540604	14.6742485094449	11.777698040408
0.34	-9.76036347587289	14.7915374636982	11.6800932091016
0.35	-9.76012416633974	14.9078503816039	11.5824907708905
0.36	-9.75988485680659	15.023187287093	11.4848907257748
0.37	-9.75964554727344	15.1375482040964	11.3872930737544
0.38	-9.75940623774029	15.250933156545	11.2896978148293
0.39	-9.75916692820714	15.3633421683699	11.1921049489996
0.4	-9.75892761867399	15.474775263502	11.0945144762652
0.41	-9.75868830914084	15.5852324658722	10.9969263966261
0.42	-9.75844899960769	15.6947137994115	10.8993407100824
0.43	-9.75820969007454	15.8032192880509	10.801757416634
0.44	-9.75797038054139	15.9107489557212	10.7041765162809
0.45	-9.75773107100824	16.0173028263535	10.6065980090231
0.46	-9.75749176147509	16.1228809238786	10.5090218948607
0.47	-9.75725245194194	16.2274832722277	10.4114481737936
0.48	-9.75701314240879	16.3311098953315	10.3138768458219
0.49	-9.75677383287564	16.4337608171211	10.2163079109455
0.5	-9.75653452334249	16.5354360615274	10.1187413691644
0.51	-9.75629521380934	16.6361356524814	10.0211772204786
0.52	-9.75605590427619	16.7358596139139	9.92361546488819
0.53	-9.75581659474304	16.8346079697561	9.8260561023931
0.54	-9.75557728520989	16.9323807439388	9.72849913299333
0.55	-9.75533797567673	17.029177960393	9.6309445566889
0.56	-9.75509866614359	17.1249996430496	9.5333923734798
0.57	-9.75485935661044	17.2198458158395	9.43584258336603
0.58	-9.75462004707729	17.3137165026939	9.33829518634759
0.59	-9.75438073754414	17.4066117275435	9.24075018242448
0.6	-9.75414142801098	17.4985315143193	9.14320757159671
0.61	-9.75390211847783	17.5894758869524	9.04566735386426
0.62	-9.75366280894468	17.6794448693736	8.94812952922715
0.63	-9.75342349941153	17.7684384855139	8.85059409768537
0.64	-9.75318418987838	17.8564567593043	8.75306105923892
0.65	-9.75294488034523	17.9434997146757	8.6555304138878
0.66	-9.75270557081208	18.029567375559	8.55800216163201
0.67	-9.75246626127893	18.1146597658853	8.46047630247156
0.68	-9.75222695174578	18.1987769095855	8.36295283640644
0.69	-9.75198764221263	18.2819188305904	8.26543176343664
0.7	-9.75174833267948	18.3640855528312	8.16791308356218
0.71	-9.75150902314633	18.4452771002386	8.07039679678305
0.72	-9.75126971361318	18.5254934967438	7.97288290309926
0.73	-9.75103040408003	18.6047347662776	7.87537140251079
0.74	-9.75079109454688	18.683000932771	7.77786229501766
0.75	-9.75055178501373	18.760292020155	7.68035558061985
0.76	-9.75031247548058	18.8366080523604	7.58285125931738
0.77	-9.75007316594743	18.9119490533183	7.48534933111024
0.78	-9.74983385641428	18.9863150469596	7.38784979599843
0.79	-9.74959454688113	19.0597060572152	7.29035265398196
0.8	-9.74935523734798	19.1321221080162	7.19285790506081
0.81	-9.74911592781483	19.2035632232934	7.095365549235
0.820000000000001	-9.74887661828168	19.2740294269779	6.99787558650451
0.830000000000001	-9.74863730874853	19.3435207430005	6.90038801686936
0.840000000000001	-9.74839799921538	19.4120371952923	6.80290284032954
0.850000000000001	-9.74815868968223	19.4795788077841	6.70542005688506
0.860000000000001	-9.74791938014908	19.5461456044069	6.6079396665359
0.870000000000001	-9.74768007061593	19.6117376090918	6.51046166928207
0.880000000000001	-9.74744076108278	19.6763548457696	6.41298606512358
0.890000000000001	-9.74720145154963	19.7399973383712	6.31551285406042
0.900000000000001	-9.74696214201648	19.8026651108278	6.21804203609259
0.910000000000001	-9.74672283248333	19.8643581870701	6.12057361122009
0.920000000000001	-9.74648352295018	19.9250765910291	6.02310757944292
0.930000000000001	-9.74624421341703	19.9848203466359	5.92564394076109
0.940000000000001	-9.74600490388388	20.0435894778214	5.82818269517458
0.950000000000001	-9.74576559435073	20.1013840085164	5.73072384268341
0.960000000000001	-9.74552628481758	20.158203962652	5.63326738328757
0.970000000000001	-9.74528697528443	20.2140493641591	5.53581331698706
0.980000000000001	-9.74504766575127	20.2689202369687	5.43836164378188
0.990000000000001	-9.74480835621812	20.3228166050118	5.34091236367203
1	-9.74456904668497	20.3757384922192	5.24346547665751
1.01	-9.74432973715182	20.4276859225219	5.14602098273833
1.02	-9.74409042761867	20.4786589198509	5.04857888191448
1.03	-9.74385111808552	20.5286575081372	4.95113917418596
1.04	-9.74361180855237	20.5776817113116	4.85370185955277
1.05	-9.74337249901922	20.6257315533052	4.75626693801491
1.06	-9.74313318948607	20.6728070580489	4.65883440957238
1.07	-9.74289387995292	20.7189082494736	4.56140427422519
1.08	-9.74265457041977	20.7640351515104	4.46397653197333
1.09	-9.74241526088662	20.8081877880901	4.36655118281679
1.1	-9.74217595135347	20.8513661831437	4.26912822675559
1.11	-9.74193664182032	20.8935703606022	4.17170766378972
1.12	-9.74169733228717	20.9348003443965	4.07428949391919
1.13	-9.74145802275402	20.9750561584576	3.97687371714398
1.14	-9.74121871322087	21.0143378267163	3.87946033346411
1.15	-9.74097940368772	21.0526453731038	3.78204934287956
1.16	-9.74074009415457	21.0899788215509	3.68464074539035
1.17	-9.74050078462142	21.1263381959886	3.58723454099647
1.18	-9.74026147508827	21.1617235203478	3.48983072969792
1.19	-9.74002216555512	21.1961348185596	3.39242931149471
1.2	-9.73978285602197	21.2295721145547	3.29503028638682
1.21	-9.73954354648882	21.2620354322643	3.19763365437427
1.22	-9.73930423695567	21.2935247956192	3.10023941545704
1.23	-9.73906492742252	21.3240402285504	3.00284756963515
1.24	-9.73882561788937	21.3535817549889	2.90545811690859
1.25	-9.73858630835622	21.3821493988656	2.80807105727737
1.26	-9.73834699882307	21.4097431841114	2.71068639074147
1.27	-9.73810768928992	21.4363631346574	2.61330411730091
1.28	-9.73786837975677	21.4620092744344	2.51592423695567
1.29	-9.73762907022362	21.4866816273735	2.41854674970577
1.3	-9.73738976069047	21.5103802174055	2.3211716555512
1.31	-9.73715045115732	21.5331050684615	2.22379895449196
1.32	-9.73691114162417	21.5548562044723	2.12642864652805
1.33	-9.73667183209102	21.575633649369	2.02906073165948
1.34	-9.73643252255787	21.5954374270825	1.93169520988623
1.35	-9.73619321302472	21.6142675615437	1.83433208120832
1.36	-9.73595390349156	21.6321240766836	1.73697134562574
1.37	-9.73571459395841	21.6490069964332	1.63961300313849
1.38	-9.73547528442526	21.6649163447234	1.54225705374657
1.39	-9.73523597489211	21.6798521454851	1.44490349744998
1.4	-9.73499666535896	21.6938144226494	1.34755233424873
1.41	-9.73475735582581	21.7068032001471	1.2502035641428
1.42	-9.73451804629266	21.7188185019092	1.15285718713221
1.43	-9.73427873675951	21.7298603518667	1.05551320321695
1.44	-9.73403942722636	21.7399287739506	0.958171612397022
1.45	-9.73380011769321	21.7490237920917	0.860832414672424
1.46	-9.73356080816006	21.757145430221	0.763495610043158
1.47	-9.73332149862691	21.7642937122695	0.666161198509223
1.48	-9.73308218909376	21.7704686621682	0.568829180070619
1.49	-9.73284287956061	21.7756703038479	0.471499554727348
1.5	-9.73260357002746	21.7798986612397	0.374172322479407
1.51	-9.73236426049431	21.7831537582745	0.276847483326798
1.52	-9.73212495096116	21.7854356188832	0.179525037269521
1.53	-9.73188564142801	21.7867442669968	0.082204984307575
1.54	-9.73164633189486	21.7870797265463	-0.0151126755590393
1.55	-9.73140702236171	21.7864420214626	-0.112427942330322
1.56	-9.73116771282856	21.7848311756767	-0.209740816006273
1.57	-9.73092840329541	21.7822472131195	-0.307051296586893
1.58	-9.73068909376226	21.778690157722	-0.404359384072182
1.59	-9.73044978422911	21.774160033415	-0.501665078462139
1.6	-9.73021047469596	21.7686568641297	-0.598968379756764
1.61	-9.72997116516281	21.7621806737969	-0.696269287956058
1.62	-9.72973185562966	21.7547314863476	-0.79356780306002
1.63	-9.72949254609651	21.7463093257127	-0.890863925068651
1.64	-9.72925323656336	21.7369142158232	-0.98815765398195
1.65	-9.72901392703021	21.72654618061	-1.08544898979992
1.66	-9.72877461749706	21.7152052440042	-1.18273793252255
1.67	-9.72853530796391	21.7028914299366	-1.28002448214986
1.68	-9.72829599843076	21.6896047623382	-1.37730863868183
1.69	-9.72805668889761	21.6753452651399	-1.47459040211847
1.7	-9.72781737936446	21.6601129622728	-1.57186977245978
1.71	-9.72757806983131	21.6439078776677	-1.66914674970576
1.72	-9.72733876029815	21.6267300352556	-1.76642133385641
1.73	-9.72709945076501	21.6085794589676	-1.86369352491173
1.74	-9.72686014123185	21.5894561727344	-1.96096332287171
1.75	-9.72662083169871	21.5693602004871	-2.05823072773636
1.76	-9.72638152216556	21.5482915661566	-2.15549573950569
1.77	-9.7261422126324	21.526250293674	-2.25275835817968
1.78	-9.72590290309925	21.50323640697	-2.35001858375833
1.79	-9.7256635935661	21.4792499299758	-2.44727641624166
1.8	-9.72542428403295	21.4542908866222	-2.54453185562966
1.81	-9.7251849744998	21.4283593008402	-2.64178490192232
1.82	-9.72494566496665	21.4014551965607	-2.73903555511965
1.83	-9.7247063554335	21.3735785977148	-2.83628381522165
1.84	-9.72446704590035	21.3447295282333	-2.93352968222832
1.85	-9.7242277363672	21.3149080120472	-3.03077315613966
1.86	-9.72398842683405	21.2841140730875	-3.12801423695567
1.87	-9.7237491173009	21.2523477352851	-3.22525292467634
1.88	-9.72350980776775	21.2196090225709	-3.32248921930168
1.89	-9.7232704982346	21.185897958876	-3.4197231208317
1.9	-9.72303118870145	21.1512145681313	-3.51695462926638
1.91	-9.7227918791683	21.1155588742677	-3.61418374460572
1.92	-9.72255256963515	21.0789309012162	-3.71141046684974
1.93	-9.722313260102	21.0413306729077	-3.80863479599843
1.94	-9.72207395056885	21.0027582132732	-3.90585673205178
1.95	-9.7218346410357	20.9632135462436	-4.0030762750098
1.96	-9.72159533150255	20.92269669575	-4.1002934248725
1.97	-9.7213560219694	20.8812076857231	-4.19750818163986
1.98	-9.72111671243625	20.8387465400941	-4.29472054531188
1.99	-9.7208774029031	20.7953132827939	-4.39193051588858
2	-9.72063809336995	20.7509079377534	-4.48913809336995
2.01	-9.7203987838368	20.7055305289035	-4.58634327775598
2.02	-9.72015947430365	20.6591810801752	-4.68354606904668
2.03	-9.7199201647705	20.6118596154995	-4.78074646724205
2.04	-9.71968085523735	20.5635661588074	-4.87794447234209
2.05	-9.7194415457042	20.5143007340297	-4.9751400843468
2.06	-9.71920223617105	20.4640633650974	-5.07233330325617
2.07	-9.7189629266379	20.4128540759415	-5.16952412907022
2.08	-9.71872361710475	20.360672890493	-5.26671256178893
2.09	-9.7184843075716	20.3075198326827	-5.36389860141231
2.1	-9.71824499803845	20.2533949264417	-5.46108224794036
2.11	-9.7180056885053	20.1982981957009	-5.55826350137308
2.12	-9.71776637897215	20.1422296643912	-5.65544236171047
2.13	-9.717527069439	20.0851893564437	-5.75261882895253
2.14	-9.71728775990584	20.0271772957892	-5.84979290309925
2.15	-9.71704845037269	19.9681935063587	-5.94696458415064
2.16	-9.71680914083954	19.9082380120832	-6.0441338721067
2.17	-9.71656983130639	19.8473108368935	-6.14130076696743
2.18	-9.71633052177324	19.7854120047208	-6.23846526873283
2.19	-9.71609121224009	19.7225415394959	-6.3356273774029
2.2	-9.71585190270694	19.6586994651497	-6.43278709297763
2.21	-9.71561259317379	19.5938858056133	-6.52994441545704
2.22	-9.71537328364064	19.5281005848176	-6.62709934484111
2.23	-9.71513397410749	19.4613438266935	-6.72425188112985
2.24	-9.71489466457434	19.393615555172	-6.82140202432326
2.25	-9.71465535504119	19.324915794184	-6.91854977442134
2.26	-9.71441604550804	19.2552445676605	-7.01569513142408
2.27	-9.71417673597489	19.1846018995325	-7.1128380953315
2.28	-9.71393742644174	19.1129878137309	-7.20997866614358
2.29	-9.71369811690859	19.0404023341866	-7.30711684386033
2.29999999999999	-9.71345880737544	18.9668454848306	-7.40425262848175
2.30999999999999	-9.71321949784229	18.892317289594	-7.50138602000784
2.31999999999999	-9.71298018830914	18.8168177724075	-7.5985170184386
2.32999999999999	-9.71274087877599	18.7403469572022	-7.69564562377403
2.33999999999999	-9.71250156924284	18.662904867909	-7.79277183601412
2.34999999999999	-9.71226225970969	18.5844915284589	-7.88989565515888
2.35999999999999	-9.71202295017654	18.5051069627828	-7.98701708120831
2.36999999999999	-9.71178364064339	18.4247511948117	-8.08413611416241
2.37999999999999	-9.71154433111024	18.3434242484765	-8.18125275402118
2.38999999999999	-9.71130502157709	18.2611261477083	-8.27836700078462
2.39999999999999	-9.71106571204394	18.1778569164378	-8.37547885445272
2.40999999999999	-9.71082640251079	18.0936165785962	-8.4725883150255
2.41999999999999	-9.71058709297764	18.0084051581143	-8.56969538250294
2.42999999999999	-9.71034778344449	17.9222226789231	-8.66680005688505
2.43999999999999	-9.71010847391134	17.8350691649536	-8.76390233817183
2.44999999999999	-9.70986916437819	17.7469446401367	-8.86100222636327
2.45999999999999	-9.70962985484504	17.6578491284033	-8.95809972145939
2.46999999999999	-9.70939054531189	17.5677826536845	-9.05519482346017
2.47999999999999	-9.70915123577874	17.4767452399111	-9.15228753236563
2.48999999999999	-9.70891192624559	17.3847369110141	-9.24937784817575
2.49999999999999	-9.70867261671244	17.2917576909245	-9.34646577089054
2.50999999999999	-9.70843330717929	17.1978076035733	-9.44355130051
2.51999999999999	-9.70819399764613	17.1028866728913	-9.54063443703413
2.52999999999999	-9.70795468811299	17.0069949228096	-9.63771518046292
2.53999999999999	-9.70771537857983	16.9101323772591	-9.73479353079638
2.54999999999999	-9.70747606904668	16.8122990601707	-9.83186948803452
2.55999999999999	-9.70723675951353	16.7134949954754	-9.92894305217732
2.56999999999999	-9.70699744998038	16.6137202071041	-10.0260142232248
2.57999999999999	-9.70675814044723	16.5129747189878	-10.1230830011769
2.58999999999999	-9.70651883091409	16.4112585550575	-10.2201493860337
2.59999999999999	-9.70627952138094	16.3085717392442	-10.3172133777952
2.60999999999999	-9.70604021184778	16.2049142954786	-10.4142749764614
2.61999999999999	-9.70580090231463	16.1002862476919	-10.5113341820322
2.62999999999999	-9.70556159278148	15.994687619815	-10.6083909945076
2.63999999999999	-9.70532228324833	15.8881184357787	-10.7054454138878
2.64999999999999	-9.70508297371518	15.7805787195142	-10.8024974401726
2.65999999999999	-9.70484366418203	15.6720684949523	-10.8995470733621
2.66999999999999	-9.70460435464888	15.5625877860239	-10.9965943134563
2.67999999999999	-9.70436504511573	15.4521366166601	-11.0936391604551
2.68999999999999	-9.70412573558258	15.3407150107918	-11.1906816143586
2.69999999999999	-9.70388642604943	15.22832299235	-11.2877216751667
2.70999999999999	-9.70364711651628	15.1149605852655	-11.3847593428796
2.71999999999999	-9.70340780698313	15.0006278134693	-11.4817946174971
2.72999999999999	-9.70316849744998	14.8853247008925	-11.5788274990192
2.73999999999999	-9.70292918791683	14.7690512714659	-11.6758579874461
2.74999999999999	-9.70268987838368	14.6518075491206	-11.7728860827776
2.75999999999999	-9.70245056885053	14.5335935577874	-11.8699117850137
2.76999999999998	-9.70221125931738	14.4144093213973	-11.9669350941546
2.77999999999998	-9.70197194978423	14.2942548638813	-12.0639560102001
2.78999999999998	-9.70173264025108	14.1731302091703	-12.1609745331502
2.79999999999998	-9.70149333071793	14.0510353811953	-12.2579906630051
2.80999999999998	-9.70125402118478	13.9279704038872	-12.3550043997646
2.81999999999998	-9.70101471165163	13.8039353011769	-12.4520157434288
2.82999999999998	-9.70077540211848	13.6789300969956	-12.5490246939976
2.83999999999998	-9.70053609258533	13.552954815274	-12.6460312514712
2.84999999999998	-9.70029678305218	13.4260094799431	-12.7430354158493
2.85999999999998	-9.70005747351903	13.298094114934	-12.8400371871322
2.86999999999998	-9.69981816398588	13.1692087441775	-12.9370365653197
2.87999999999998	-9.69957885445273	13.0393533916046	-13.0340335504119
2.88999999999998	-9.69933954491958	12.9085280811462	-13.1310281424088
2.89999999999998	-9.69910023538643	12.7767328367334	-13.2280203413103
2.90999999999998	-9.69886092585327	12.643967682297	-13.3250101471165
2.91999999999998	-9.69862161632012	12.510232641768	-13.4219975598274
2.92999999999998	-9.69838230678697	12.3755277390774	-13.5189825794429
2.93999999999998	-9.69814299725383	12.2398529981562	-13.6159652059631
2.94999999999998	-9.69790368772067	12.1032084429352	-13.712945439388
2.95999999999998	-9.69766437818753	11.9655940973454	-13.8099232797175
2.96999999999998	-9.69742506865438	11.8270099853178	-13.9068987269517
2.97999999999998	-9.69718575912123	11.6874561307833	-14.0038717810906
2.98999999999998	-9.69694644958807	11.546932557673	-14.1008424421342
2.99999999999998	-9.69670714005492	11.4054392899176	-14.1978107100824
3.00999999999998	-9.69646783052177	11.2629763514483	-14.2947765849353
3.01999999999998	-9.69622852098862	11.1195437661959	-14.3917400666928
3.02999999999998	-9.69598921145547	10.9751415580914	-14.488701155355
3.03999999999998	-9.69574990192232	10.8297697510658	-14.5856598509219
3.04999999999998	-9.69551059238917	10.68342836905	-14.6826161533935
3.05999999999998	-9.69527128285602	10.5361174359749	-14.7795700627697
3.06999999999998	-9.69503197332287	10.3878369757716	-14.8765215790506
3.07999999999998	-9.69479266378972	10.2385870123709	-14.9734707022362
3.08999999999998	-9.69455335425657	10.0883675697038	-15.0704174323264
3.09999999999998	-9.69431404472342	9.93717867170134	-15.1673617693213
3.10999999999998	-9.69407473519027	9.78502034229438	-15.2643037132209
3.11999999999998	-9.69383542565712	9.6318926054139	-15.3612432640251
3.12999999999998	-9.69359611612397	9.47779548499086	-15.458180421734
3.13999999999998	-9.69335680659082	9.32272900495621	-15.5551151863476
3.14999999999998	-9.69311749705767	9.16669318924089	-15.6520475578658
3.15999999999998	-9.69287818752452	9.00968806177587	-15.7489775362887
3.16999999999998	-9.69263887799137	8.8517136464921	-15.8459051216163
3.17999999999998	-9.69239956845822	8.69276996732053	-15.9428303138486
3.18999999999998	-9.69216025892507	8.53285704819212	-16.0397531129855
3.19999999999998	-9.69192094939192	8.37197491303781	-16.1366735190271
3.20999999999998	-9.69168163985877	8.21012358578856	-16.2335915319733
3.21999999999998	-9.69144233032562	8.04730309037532	-16.3305071518242
3.22999999999998	-9.69120302079247	7.88351345072906	-16.4274203785798
3.23999999999997	-9.69096371125932	7.71875469078071	-16.5243312122401
3.24999999999997	-9.69072440172617	7.55302683446124	-16.621239652805
3.25999999999997	-9.69048509219302	7.3863299057016	-16.7181457002746
3.26999999999997	-9.69024578265987	7.21866392843273	-16.8150493546489
3.27999999999997	-9.69000647312672	7.0500289265856	-16.9119506159278
3.28999999999997	-9.68976716359357	6.88042492409116	-17.0088494841114
3.29999999999997	-9.68952785406042	6.70985194488036	-17.1057459591997
3.30999999999997	-9.68928854452727	6.53831001288415	-17.2026400411926
3.31999999999997	-9.68904923499412	6.36579915203349	-17.2995317300902
3.32999999999997	-9.68880992546097	6.19231938625933	-17.3964210258925
3.33999999999997	-9.68857061592781	6.01787073949263	-17.4933079285994
3.34999999999997	-9.68833130639467	5.84245323566433	-17.5901924382111
3.35999999999997	-9.68809199686151	5.66606689870539	-17.6870745547273
3.36999999999997	-9.68785268732836	5.48871175254676	-17.7839542781483
3.37999999999997	-9.68761337779521	5.31038782111941	-17.8808316084739
3.38999999999997	-9.68737406826206	5.13109512835427	-17.9777065457042
3.39999999999997	-9.68713475872891	4.95083369818231	-18.0745790898392
3.40999999999997	-9.68689544919576	4.76960355453447	-18.1714492408788
3.41999999999997	-9.68665613966261	4.58740472134172	-18.2683169988231
3.42999999999997	-9.68641683012946	4.404237222535	-18.365182363672
3.43999999999997	-9.68617752059631	4.22010108204526	-18.4620453354257
3.44999999999997	-9.68593821106316	4.03499632380347	-18.558905914084
3.45999999999997	-9.68569890153001	3.84892297174057	-18.6557640996469
3.46999999999997	-9.68545959199686	3.66188104978751	-18.7526198921146
3.47999999999997	-9.68522028246371	3.47387058187526	-18.8494732914869
3.48999999999997	-9.68498097293056	3.28489159193476	-18.9463242977638
3.49999999999997	-9.68474166339741	3.09494410389697	-19.0431729109455
3.50999999999997	-9.68450235386426	2.90402814169284	-19.1400191310318
3.51999999999997	-9.68426304433111	2.71214372925332	-19.2368629580228
3.52999999999997	-9.68402373479796	2.51929089050936	-19.3337043919184
3.53999999999997	-9.68378442526481	2.32546964939193	-19.4305434327187
3.54999999999997	-9.68354511573166	2.13068002983198	-19.5273800804237
3.55999999999997	-9.68330580619851	1.93492205576044	-19.6242143350333
3.56999999999997	-9.68306649666536	1.73819575110829	-19.7210461965477
3.57999999999997	-9.68282718713221	1.54050113980647	-19.8178756649667
3.58999999999997	-9.68258787759906	1.34183824578594	-19.9147027402903
3.59999999999997	-9.68234856806591	1.14220709297765	-20.0115274225186
3.60999999999997	-9.68210925853276	0.941607705312555	-20.1083497116516
3.61999999999997	-9.68186994899961	0.740040106721605	-20.2051696076893
3.62999999999997	-9.68163063946646	0.537504321135754	-20.3019871106316
3.63999999999997	-9.68139132993331	0.334000372485957	-20.3988022204786
3.64999999999997	-9.68115202040016	0.129528284703166	-20.4956149372303
3.66631039999567	-9.68076169697931	0.163969605157518	16.3485563084177
3.67631039999567	-9.68052238744616	0.326971134145338	16.2517498879955
3.68631039999567	-9.68028307791301	0.489004610894413	16.1549458606687
3.69631039999567	-9.68004376837986	0.650070059335697	16.0581442264373
3.70631039999567	-9.67980445884671	0.810167503400143	15.9613449853011
3.71631039999567	-9.67956514931356	0.969296967018705	15.8645481372603
3.72631039999567	-9.67932583978041	1.12745847412233	15.7677536823149
3.73631039999567	-9.67908653024726	1.28465204864199	15.6709616204647
3.74631039999567	-9.67884722071411	1.44087771450861	15.5741719517099
3.75631039999567	-9.67860791118096	1.59613549565317	15.4773846760505
3.76631039999566	-9.67836860164781	1.75042541600661	15.3805997934863
3.77631039999566	-9.67812929211466	1.90374749949988	15.2838173040175
3.78631039999566	-9.67788998258151	2.05610177006394	15.187037207644
3.79631039999566	-9.67765067304836	2.20748825162975	15.0902595043659
3.80631039999566	-9.67741136351521	2.35790696812824	14.9934841941831
3.81631039999566	-9.67717205398206	2.50735794349039	14.8967112770956
3.82631039999566	-9.67693274444891	2.65584120164714	14.7999407531034
3.83631039999566	-9.67669343491576	2.80335676652944	14.7031726222066
3.84631039999566	-9.67645412538261	2.94990466206826	14.6064068844051
3.85631039999566	-9.67621481584946	3.09548491219453	14.5096435396989
3.86631039999566	-9.67597550631631	3.24009754083922	14.4128825880881
3.87631039999566	-9.67573619678316	3.38374257193328	14.3161240295726
3.88631039999566	-9.67549688725001	3.52642002940766	14.2193678641524
3.89631039999566	-9.67525757771686	3.66812993719331	14.1226140918276
3.90631039999566	-9.6750182681837	3.80887231922119	14.0258627125981
3.91631039999566	-9.67477895865055	3.94864719942226	13.9291137264639
3.92631039999566	-9.6745396491174	4.08745460172746	13.8323671334251
3.93631039999566	-9.67430033958425	4.22529455006774	13.7356229334816
3.94631039999566	-9.6740610300511	4.36216706837407	13.6388811266334
3.95631039999566	-9.67382172051795	4.4980721805774	13.5421417128806
3.96631039999566	-9.6735824109848	4.63300991060867	13.4454046922231
3.97631039999566	-9.67334310145165	4.76698028239884	13.3486700646609
3.98631039999566	-9.6731037919185	4.89998331987887	13.251937830194
3.99631039999566	-9.67286448238535	5.03201904697971	13.1552079888225
4.00631039999566	-9.6726251728522	5.1630874876323	13.0584805405463
4.01631039999566	-9.67238586331905	5.29318866576762	12.9617554853655
4.02631039999566	-9.6721465537859	5.4223226053166	12.8650328232799
4.03631039999566	-9.67190724425275	5.5504893302102	12.7683125542897
4.04631039999566	-9.6716679347196	5.67768886437938	12.6715946783949
4.05631039999566	-9.67142862518645	5.80392123175508	12.5748791955953
4.06631039999566	-9.6711893156533	5.92918645626827	12.4781661058911
4.07631039999566	-9.67095000612015	6.05348456184989	12.3814554092823
4.08631039999566	-9.670710696587	6.1768155724309	12.2847471057687
4.09631039999566	-9.67047138705385	6.29917951194225	12.1880411953505
4.10631039999566	-9.6702320775207	6.42057640431489	12.0913376780277
4.11631039999566	-9.66999276798755	6.54100627347979	11.9946365538001
4.12631039999566	-9.6697534584544	6.66046914336788	11.8979378226679
4.13631039999566	-9.66951414892125	6.77896503791013	11.801241484631
4.14631039999566	-9.6692748393881	6.89649398103749	11.7045475396895
4.15631039999566	-9.66903552985495	7.0130559966809	11.6078559878433
4.16631039999566	-9.6687962203218	7.12865110877134	11.5111668290924
4.17631039999566	-9.66855691078865	7.24327934123974	11.4144800634368
4.18631039999566	-9.6683176012555	7.35694071801706	11.3177956908766
4.19631039999566	-9.66807829172235	7.46963526303425	11.2211137114117
4.20631039999566	-9.6678389821892	7.58136300022228	11.1244341250422
4.21631039999566	-9.66759967265605	7.69212395351208	11.0277569317679
4.22631039999566	-9.6673603631229	7.80191814683462	10.9310821315891
4.23631039999565	-9.66712105358975	7.91074560412085	10.8344097245055
4.24631039999565	-9.6668817440566	8.01860634930171	10.7377397105173
4.25631039999565	-9.66664243452345	8.12550040630818	10.6410720896244
4.26631039999565	-9.6664031249903	8.23142779907118	10.5444068618268
4.27631039999565	-9.66616381545715	8.3363885515217	10.4477440271246
4.28631039999565	-9.665924505924	8.44038268759066	10.3510835855176
4.29631039999565	-9.66568519639084	8.54341023120903	10.2544255370061
4.30631039999565	-9.66544588685769	8.64547120630777	10.1577698815898
4.31631039999565	-9.66520657732455	8.74656563681781	10.0611166192689
4.32631039999565	-9.6649672677914	8.84669354667013	9.96446575004334
4.33631039999565	-9.66483181712277	8.94585495979566	9.86781719565171
4.34631039999565	-9.66493750780445	9.04404988839981	9.77116834902708
4.35631039999565	-9.66504319848613	9.14127832325318	9.67451844549562
4.36631039999565	-9.66514888916781	9.2375402537867	9.57786748505735
4.37631039999565	-9.66525457984949	9.33283566943131	9.48121546771227
4.38631039999565	-9.66536027053118	9.42716455961792	9.38456239346036
4.39631039999565	-9.66546596121286	9.52052691377749	9.28790826230164
4.40631039999565	-9.66557165189454	9.61292272134094	9.1912530742361
4.41631039999565	-9.66567734257622	9.70435197173919	9.09459682926375
4.42631039999565	-9.6657830332579	9.79481465440319	8.99793952738458
4.43631039999565	-9.66588872393958	9.88431075876386	8.90128116859859
4.44631039999565	-9.66599441462127	9.97284027425214	8.80462175290579
4.45631039999565	-9.66610010530295	10.060403190299	8.70796128030617
4.46631039999565	-9.66620579598463	10.1469994963352	8.61129975079973
4.47631039999565	-9.66631148666631	10.2326291817919	8.51463716438647
4.48631039999565	-9.66641717734799	10.3172922360999	8.4179735210664
4.49631039999565	-9.66652286802968	10.4009886486902	8.32130882083951
4.50631039999565	-9.66662855871136	10.4837184089937	8.22464306370581
4.51631039999565	-9.66673424939304	10.5654815064413	8.12797624966529
4.52631039999565	-9.66683994007472	10.646277930464	8.03130837871795
4.53631039999565	-9.6669456307564	10.7261076704927	7.93463945086379
4.54631039999565	-9.66705132143809	10.8049707159582	7.83796946610282
4.55631039999565	-9.66715701211977	10.8828670562917	7.74129842443503
4.56631039999565	-9.66726270280145	10.9597966809239	7.64462632586043
4.57631039999565	-9.66736839348313	11.0357595792859	7.547953170379
4.58631039999565	-9.66747408416481	11.1107557408085	7.45127895799076
4.59631039999565	-9.66757977484649	11.1847851549227	7.35460368869571
4.60631039999565	-9.66768546552817	11.2578478110594	7.25792736249383
4.61631039999565	-9.66779115620986	11.3299436986495	7.16124997938514
4.62631039999565	-9.66789684689154	11.4010728071241	7.06457153936964
4.63631039999565	-9.66800253757322	11.4712351259139	6.96789204244731
4.64631039999565	-9.6681082282549	11.54043064445	6.87121148861817
4.65631039999565	-9.66821391893659	11.6086593521632	6.77452987788221
4.66631039999565	-9.66831960961827	11.6759212384846	6.67784721023944
4.67631039999565	-9.66842530029995	11.742216292845	6.58116348568985
4.68631039999565	-9.66853099098163	11.8075445046754	6.48447870423344
4.69631039999565	-9.66863668166331	11.8719058634066	6.38779286587021
4.70631039999564	-9.668742372345	11.9353003584698	6.29110597060017
4.71631039999564	-9.66884806302668	11.9977279792956	6.19441801842332
4.72631039999564	-9.66895375370836	12.0591887153152	6.09772900933964
4.73631039999564	-9.66905944439004	12.1196825559594	6.00103894334915
4.74631039999564	-9.66916513507172	12.1792094906592	5.90434782045184
4.75631039999564	-9.6692708257534	12.2377695088454	5.80765564064771
4.76631039999564	-9.66937651643508	12.2953625999491	5.71096240393677
4.77631039999564	-9.66948220711677	12.3519887534011	5.61426811031901
4.78631039999564	-9.66958789779845	12.4076479586325	5.51757275979444
4.79631039999564	-9.66969358848013	12.462340205074	5.42087635236304
4.80631039999564	-9.66979927916181	12.5160654821567	5.32417888802483
4.81631039999564	-9.66990496984349	12.5688237793115	5.22748036677981
4.82631039999564	-9.67001066052518	12.6206150859693	5.13078078862796
4.83631039999564	-9.67011635120686	12.671439391561	5.0340801535693
4.84631039999564	-9.67022204188854	12.7212966855176	4.93737846160383
4.85631039999564	-9.67032773257022	12.7701869572701	4.84067571273153
4.86631039999564	-9.6704334232519	12.8181101962492	4.74397190695242
4.87631039999564	-9.67053911393359	12.8650663918861	4.64726704426649
4.88631039999564	-9.67064480461527	12.9110555336115	4.55056112467375
4.89631039999564	-9.67075049529695	12.9560776108565	4.45385414817419
4.90631039999564	-9.67085618597863	13.000132613052	4.35714611476781
4.91631039999564	-9.67096187666031	13.0432205296289	4.26043702445462
4.92631039999564	-9.67106756734199	13.0853413500181	4.16372687723461
4.93631039999564	-9.67117325802368	13.1264950636505	4.06701567310778
4.94631039999564	-9.67127894870536	13.1666816599572	3.97030341207413
4.95631039999564	-9.67138463938704	13.205901128369	3.87359009413367
4.96631039999564	-9.67149033006872	13.2441534583169	3.77687571928639
4.97631039999564	-9.6715960207504	13.2814386392317	3.6801602875323
4.98631039999564	-9.67170171143209	13.3177566605445	3.58344379887138
4.99631039999564	-9.67180740211377	13.3531075116861	3.48672625330365
5.00631039999564	-9.67191309279545	13.3874911820875	3.39000765082911
5.01631039999564	-9.67201878347713	13.4209076611797	3.29328799144775
5.02631039999564	-9.67212447415881	13.4533569383935	3.19656727515957
5.03631039999564	-9.67223016484049	13.4848390031598	3.09984550196457
5.04631039999564	-9.67233585552218	13.5153538449097	3.00312267186276
5.05631039999564	-9.67244154620386	13.5449014530741	2.90639878485413
5.06631039999564	-9.67254723688554	13.5734818170838	2.80967384093868
5.07631039999564	-9.67265292756722	13.6010949263698	2.71294784011641
5.08631039999564	-9.6727586182489	13.6277407703631	2.61622078238733
5.09631039999564	-9.67286430893058	13.6534193384945	2.51949266775144
5.10631039999564	-9.67296999961227	13.6781306201951	2.42276349620872
5.11631039999564	-9.67307569029395	13.7018746048957	2.32603326775919
5.12631039999564	-9.67318138097563	13.7246512820273	2.22930198240284
5.13631039999564	-9.67328707165731	13.7464606410207	2.13256964013968
5.14631039999564	-9.673392762339	13.767302671307	2.0358362409697
5.15631039999564	-9.67349845302068	13.7871773623171	1.9391017848929
5.16631039999564	-9.67360414370236	13.8060847034819	1.84236627190928
5.17631039999563	-9.67370983438404	13.8240246842323	1.74562970201885
5.18631039999563	-9.67381552506572	13.8409972939992	1.6488920752216
5.19631039999563	-9.6739212157474	13.8570025222137	1.55215339151754
5.20631039999563	-9.67402690642909	13.8720403583065	1.45541365090665
5.21631039999563	-9.67413259711077	13.8861107917088	1.35867285338896
5.22631039999563	-9.67423828779245	13.8992138118513	1.26193099896444
5.23631039999563	-9.67434397847413	13.911349408165	1.16518808763311
5.24631039999563	-9.67444966915581	13.9225175700809	1.06844411939496
5.25631039999563	-9.67455535983749	13.9327182870299	0.97169909424999
5.26631039999563	-9.67466105051918	13.9419515484429	0.874953012198207
5.27631039999563	-9.67476674120086	13.9502173437509	0.778205873239606
5.28631039999563	-9.67487243188254	13.9575156623847	0.681457677374189
5.29631039999563	-9.67497812256422	13.9638464937753	0.584708424601956
5.30631039999563	-9.6750838132459	13.9692098273537	0.487958114922905
5.31631039999563	-9.67518950392759	13.9736056525508	0.391206748337038
5.32631039999563	-9.67529519460927	13.9770339587974	0.294454324844353
5.33631039999563	-9.67540088529095	13.9794947355246	0.197700844444852
5.34631039999563	-9.67550657597263	13.9809879721633	0.100946307138534
5.35631039999563	-9.67561226665431	13.9815136581444	0.0041907129253996
5.36631039999563	-9.67571795733599	13.9810717828988	-0.0925659381945519
5.37631039999563	-9.67582364801768	13.9796623358575	-0.18932364622132
5.38631039999563	-9.67592933869936	13.9772853064513	-0.286082411154906
5.39631039999563	-9.67603502938104	13.9739406841113	-0.382842232995308
5.40631039999563	-9.67614072006272	13.9696284582684	-0.479603111742526
5.41631039999563	-9.6762464107444	13.9643486183535	-0.576365047396562
5.42631039999563	-9.67635210142608	13.9581011537975	-0.673128039957414
5.43631039999563	-9.67645779210777	13.9508860540313	-0.769892089425084
5.44631039999563	-9.67656348278945	13.9427033084859	-0.86665719579957
5.45631039999563	-9.67666917347113	13.9335529065923	-0.963423359080873
5.46631039999563	-9.67677486415281	13.9234348377813	-1.06019057926899
5.47631039999563	-9.67688055483449	13.9123490914839	-1.15695885636393
5.48631039999563	-9.67698624551618	13.900295657131	-1.25372819036568
5.49631039999563	-9.67709193619786	13.8872745241535	-1.35049858127425
5.50631039999563	-9.67719762687954	13.8732856819825	-1.44727002908964
5.51631039999563	-9.67730331756122	13.8583291200487	-1.54404253381184
5.52631039999563	-9.6774090082429	13.8424048277832	-1.64081609544086
5.53631039999563	-9.67751469892459	13.8255127946169	-1.7375907139767
5.54631039999563	-9.67762038960627	13.8076530099807	-1.83436638941936
5.55631039999563	-9.67772608028795	13.7888254633055	-1.93114312176883
5.56631039999563	-9.67783177096963	13.7690301440223	-2.02792091102511
5.57631039999563	-9.67793746165131	13.748267041562	-2.12469975718822
5.58631039999563	-9.67804315233299	13.7265361453555	-2.22147966025814
5.59631039999563	-9.67814884301468	13.7038374448338	-2.31826062023488
5.60631039999563	-9.67825453369636	13.6801709294278	-2.41504263711843
5.61631039999563	-9.67836022437804	13.6555365885684	-2.51182571090881
5.62631039999563	-9.67846591505972	13.6299344116866	-2.60860984160599
5.63631039999562	-9.6785716057414	13.6033643882132	-2.70539502921
5.64631039999562	-9.67867729642309	13.5758265075793	-2.80218127372082
5.65631039999562	-9.67878298710477	13.5473207592158	-2.89896857513846
5.66631039999562	-9.67888867778645	13.5178471325535	-2.99575693346292
5.67631039999562	-9.67899436846813	13.4874056170235	-3.09254634869419
5.68631039999562	-9.67910005914981	13.4559962020566	-3.18933682083228
5.69631039999562	-9.67920574983149	13.4236188770838	-3.28612834987719
5.70631039999562	-9.67931144051318	13.3902736315361	-3.38292093582891
5.71631039999562	-9.67941713119486	13.3559604548442	-3.47971457868745
5.72631039999562	-9.67952282187654	13.3206793364393	-3.57650927845281
5.73631039999562	-9.67962851255822	13.2844302657522	-3.67330503512498
5.74631039999562	-9.6797342032399	13.2472132322138	-3.77010184870397
5.75631039999562	-9.67983989392159	13.2090282252551	-3.86689971918978
5.76631039999562	-9.67994558460327	13.169875234307	-3.9636986465824
5.77631039999562	-9.68005127528495	13.1297542488004	-4.06049863088185
5.78631039999562	-9.68015696596663	13.0886652581663	-4.1572996720881
5.79631039999562	-9.68026265664831	13.0466082518356	-4.25410177020118
5.80631039999562	-9.68036834733	13.0035832192393	-4.35090492522107
5.81631039999562	-9.68047403801168	12.9595901498082	-4.44770913714778
5.82631039999562	-9.68057972869336	12.9146290329733	-4.5445144059813
5.83631039999562	-9.68068541937504	12.8686998581655	-4.64132073172165
5.84631039999562	-9.68079111005672	12.8218026148158	-4.7381281143688
5.85631039999562	-9.6808968007384	12.7739372923551	-4.83493655392278
5.86631039999562	-9.68100249142009	12.7251038802143	-4.93174605038357
5.87631039999562	-9.68110818210177	12.6753023678244	-5.02855660375118
5.88631039999562	-9.68121387278345	12.6245327446163	-5.12536821402561
5.89631039999562	-9.68131956346513	12.5727950000209	-5.22218088120685
5.90631039999562	-9.68142525414681	12.5200891234691	-5.31899460529491
5.91631039999562	-9.68153094482849	12.466415104392	-5.41580938628979
5.92631039999562	-9.68163663551018	12.4117729322203	-5.51262522419148
5.93631039999562	-9.68174232619186	12.3561625963851	-5.60944211899999
5.94631039999562	-9.68184801687354	12.2995840863173	-5.70626007071532
5.95631039999562	-9.68195370755522	12.2420373914478	-5.80307907933746
5.96631039999562	-9.6820593982369	12.1835225012075	-5.89989914486642
5.97631039999562	-9.68216508891859	12.1240394050274	-5.9967202673022
5.98631039999562	-9.68227077960027	12.0635880923385	-6.09354244664479
5.99631039999562	-9.68237647028195	12.0021685525715	-6.19036568289421
6.00631039999562	-9.68248216096363	11.9397807751575	-6.28718997605043
6.01631039999562	-9.68258785164531	11.8764247495275	-6.38401532611348
6.02631039999562	-9.68269354232699	11.8121004651123	-6.48084173308334
6.03631039999562	-9.68279923300868	11.7468079113428	-6.57766919696002
6.04631039999562	-9.68290492369036	11.68054707765	-6.67449771774351
6.05631039999562	-9.68301061437204	11.6133179534649	-6.77132729543382
6.06631039999562	-9.68311630505372	11.5451205282183	-6.86815793003095
6.07631039999562	-9.6832219957354	11.4759547913413	-6.9649896215349
6.08631039999562	-9.68332768641709	11.4058207322646	-7.06182236994566
6.09631039999562	-9.68343337709877	11.3347183404193	-7.15865617526324
6.10631039999561	-9.68353906778045	11.2626476052363	-7.25549103748764
6.11631039999561	-9.68364475846213	11.1896085161465	-7.35232695661885
6.12631039999561	-9.68375044914381	11.1156010625809	-7.44916393265688
6.13631039999561	-9.68385613982549	11.0406252339704	-7.54600196560173
6.14631039999561	-9.68396183050718	10.9646810197459	-7.64284105545339
6.15631039999561	-9.68406752118886	10.8877684093383	-7.73968120221187
6.16631039999561	-9.68417321187054	10.8098873921786	-7.83652240587717
6.17631039999561	-9.68427890255222	10.7310379576977	-7.93336466644928
6.18631039999561	-9.6843845932339	10.6512200953266	-8.03020798392821
6.19631039999561	-9.68449028391559	10.5704337944961	-8.12705235831396
6.20631039999561	-9.68459597459727	10.4886790446373	-8.22389778960652
6.21631039999561	-9.68470166527895	10.405955835181	-8.3207442778059
6.22631039999561	-9.68480735596063	10.3222641555582	-8.4175918229121
6.23631039999561	-9.68491304664231	10.2376039951997	-8.51444042492512
6.24631039999561	-9.68501873732399	10.1519753435366	-8.61129008384495
6.25631039999561	-9.68512442800568	10.0653781899998	-8.7081407996716
6.26631039999561	-9.68523011868736	9.97781252402018	-8.80499257240506
6.27631039999561	-9.68533580936904	9.88927833502868	-8.90184540204534
6.28631039999561	-9.68544150005072	9.79977561245625	-8.99869928859244
6.29631039999561	-9.6855471907324	9.70930434573381	-9.09555423204636
6.30631039999561	-9.68565288141409	9.6178645242923	-9.19241023240709
6.31631039999561	-9.68575857209577	9.52545613756264	-9.28926728967464
6.32631039999561	-9.68586426277745	9.43207917497578	-9.38612540384901
6.33631039999561	-9.68596995345913	9.33773362596264	-9.48298457493019
6.34631039999561	-9.68607564414081	9.24241947995416	-9.57984480291819
6.35631039999561	-9.68618133482249	9.14613672638126	-9.67670608781301
6.36631039999561	-9.68628702550418	9.04888535467487	-9.77356842961464
6.37631039999561	-9.68639271618586	8.95066535426594	-9.87043182832309
6.38631039999561	-9.68649840686754	8.85147671458539	-9.96729628393836
6.39631039999561	-9.68660409754922	8.75131942506415	-10.0641617964604
6.40631039999561	-9.6867097882309	8.65019347513316	-10.1610283658893
6.41631039999561	-9.68681547891259	8.54809885422334	-10.2578959922251
6.42631039999561	-9.68692116959427	8.44503555176563	-10.3547646754676
6.43631039999561	-9.68702686027595	8.34100355719096	-10.4516344156169
6.44631039999561	-9.68713255095763	8.23600285993027	-10.5485052126731
6.45631039999561	-9.68723824163931	8.13003344941448	-10.6453770666361
6.46631039999561	-9.68734393232099	8.02309531507453	-10.7422499775059
6.47631039999561	-9.68744962300268	7.91518844634134	-10.8391239452825
6.48631039999561	-9.68755531368436	7.80631283264585	-10.935998969966
6.49631039999561	-9.68766100436604	7.696468463419	-11.0328750515562
6.50631039999561	-9.68776669504772	7.58565532809171	-11.1297521900533
6.51631039999561	-9.6878723857294	7.47387341609491	-11.2266303854572
6.52631039999561	-9.68797807641108	7.36112271685954	-11.3235096377679
6.53631039999561	-9.68808376709277	7.24740321981653	-11.4203899469854
6.54631039999561	-9.68818945777445	7.13271491439681	-11.5172713131097
6.55631039999561	-9.68829514845613	7.01705779003131	-11.6141537361409
6.56631039999561	-9.68840083913781	6.90043183615097	-11.7110372160788
6.5763103999956	-9.6885065298195	6.78283704218671	-11.8079217529236
6.5863103999956	-9.68861222050118	6.66427339756947	-11.9048073466752
6.5963103999956	-9.68871791118286	6.54474089173018	-12.0016939973336
6.6063103999956	-9.68882360186454	6.42423951409978	-12.0985817048989
6.6163103999956	-9.68892929254622	6.30276925410918	-12.1954704693709
6.6263103999956	-9.6890349832279	6.18033010118934	-12.2923602907498
6.6363103999956	-9.68914067390958	6.05692204477117	-12.3892511690355
6.6463103999956	-9.68924636459127	5.9325450742856	-12.486143104228
6.6563103999956	-9.68935205527295	5.80719917916358	-12.5830360963273
6.6663103999956	-9.68945774595463	5.68088434883603	-12.6799301453335
6.6763103999956	-9.68956343663631	5.55360057273389	-12.7768252512464
6.6863103999956	-9.68966912731799	5.42534784028808	-12.8737214140662
6.6963103999956	-9.68977481799968	5.29612614092954	-12.9706186337928
6.7063103999956	-9.68988050868136	5.16593546408921	-13.0675169104262
6.7163103999956	-9.68998619936304	5.034775799198	-13.1644162439664
6.7263103999956	-9.69009189004472	4.90264713568685	-13.2613166344134
6.7363103999956	-9.6901975807264	4.76954946298671	-13.3582180817673
6.7463103999956	-9.69030327140809	4.63548277052849	-13.455120586028
6.7563103999956	-9.69040896208977	4.50044704774312	-13.5520241471955
6.7663103999956	-9.69051465277145	4.36444228406155	-13.6489287652698
6.7763103999956	-9.69062034345313	4.22746846891471	-13.7458344402509
6.7863103999956	-9.69072603413481	4.08952559173351	-13.8427411721388
6.7963103999956	-9.69083172481649	3.95061364194891	-13.9396489609336
6.8063103999956	-9.69093741549818	3.81073260899182	-14.0365578066352
6.8163103999956	-9.69104310617986	3.66988248229318	-14.1334677092435
6.8263103999956	-9.69114879686154	3.52806325128393	-14.2303786687588
6.8363103999956	-9.69125448754322	3.38527490539498	-14.3272906851808
6.8463103999956	-9.6913601782249	3.24151743405729	-14.4242037585096
6.8563103999956	-9.69146586890659	3.09679082670177	-14.5211178887453
6.8663103999956	-9.69157155958827	2.95109507275936	-14.6180330758877
6.8763103999956	-9.69167725026995	2.80443016166099	-14.714949319937
6.8863103999956	-9.69178294095163	2.6567960828376	-14.8118666208931
6.8963103999956	-9.69188863163331	2.50819282572011	-14.9087849787561
6.9063103999956	-9.69199432231499	2.35862037973945	-15.0057043935258
6.9163103999956	-9.69210001299668	2.20807873432657	-15.1026248652024
6.9263103999956	-9.69220570367836	2.05656787891238	-15.1995463937857
6.9363103999956	-9.69231139436004	1.90408780292783	-15.2964689792759
6.9463103999956	-9.69241708504172	1.75063849580384	-15.3933926216729
6.9563103999956	-9.6925227757234	1.59621994697135	-15.4903173209768
6.9663103999956	-9.69262846640509	1.44083214586128	-15.5872430771874
6.9763103999956	-9.69273415708677	1.28447508190458	-15.6841698903049
6.9863103999956	-9.69283984776845	1.12714874453216	-15.7810977603292
6.9963103999956	-9.69294553845013	0.96885312317497	-15.8780266872602
7.0063103999956	-9.69305122913181	0.809588207263934	-15.9749566710982
7.0163103999956	-9.69315691981349	0.649353986229984	-16.0718877118429
7.0263103999956	-9.69326261049518	0.488150449504054	-16.1688198094944
7.0363103999956	-9.69336830117686	0.325977586517073	-16.2657529640528
7.04631039999559	-9.69347399185854	0.162835386699975	-16.362687175518
7.05623286543132	-9.69357886307213	9.32226518202128e-13	-16.4588708564448
7.06623286543138	-9.69368455375381	0.131186286146894	13.0701603680717
7.07623286543138	-9.69379024443549	0.261403203838412	12.9732229940808
7.08623286543138	-9.69389593511717	0.390650742505486	12.876284563183
7.09623286543138	-9.69400162579885	0.518928891579049	12.7793450753784
7.10623286543138	-9.69410731648054	0.646237640490033	12.682404530667
7.11623286543138	-9.69421300716222	0.772576978669367	12.5854629290488
7.12623286543138	-9.6943186978439	0.897946895547986	12.4885202705238
7.13623286543138	-9.69442438852558	1.02234738055682	12.3915765550919
7.14623286543138	-9.69453007920726	1.1457784231268	12.2946317827533
7.15623286543138	-9.69463576988895	1.26824001268886	12.1976859535078
7.16623286543138	-9.69474146057063	1.38973213867394	12.1007390673555
7.17623286543138	-9.69484715125231	1.51025479051295	12.0037911242964
7.18623286543138	-9.69495284193399	1.62980795763684	11.9068421243305
7.19623286543138	-9.69505853261567	1.74839162947654	11.8098920674577
7.20623286543138	-9.69516422329735	1.86600579546297	11.7129409536781
7.21623286543138	-9.69526991397904	1.98265044502708	11.6159887829918
7.22623286543138	-9.69537560466072	2.09832556759978	11.5190355553986
7.23623286543138	-9.6954812953424	2.21303115261203	11.4220812708985
7.24623286543138	-9.69558698602408	2.32676718949473	11.3251259294917
7.25623286543138	-9.69569267670576	2.43953366767884	11.2281695311781
7.26623286543138	-9.69579836738744	2.55133057659527	11.1312120759576
7.27623286543138	-9.69590405806913	2.66215790567497	11.0342535638303
7.28623286543138	-9.69600974875081	2.77201564434885	10.9372939947962
7.29623286543138	-9.69611543943249	2.88090378204787	10.8403333688553
7.30623286543138	-9.69622113011417	2.98882230820294	10.7433716860076
7.31623286543138	-9.69632682079585	3.095771212245	10.646408946253
7.32623286543138	-9.69643251147754	3.20175048360498	10.5494451495916
7.33623286543138	-9.69653820215922	3.30676011171381	10.4524802960235
7.34623286543138	-9.6966438928409	3.41080008600242	10.3555143855485
7.35623286543137	-9.69674958352258	3.51387039590175	10.2585474181666
7.36623286543137	-9.69685527420426	3.61597103084273	10.161579393878
7.37623286543137	-9.69696096488595	3.71710198025629	10.0646103126826
7.38623286543137	-9.69706665556763	3.81726323357336	9.96764017458029
7.39623286543137	-9.69717234624931	3.91645478022487	9.87066897957121
7.40623286543137	-9.69727803693099	4.01467660964176	9.77369672765531
7.41623286543137	-9.69738372761267	4.11192871125496	9.67672341883259
7.42623286543137	-9.69748941829435	4.20821107449539	9.57974905310306
7.43623286543137	-9.69759510897604	4.303523688794	9.4827736304667
7.44623286543137	-9.69770079965772	4.3978665435817	9.38579715092354
7.45623286543137	-9.6978064903394	4.49123962828944	9.28881961447355
7.46623286543137	-9.69791218102108	4.58364293234815	9.19184102111675
7.47623286543137	-9.69801787170276	4.67507644518876	9.09486137085313
7.48623286543137	-9.69812356238445	4.76554015624219	8.99788066368269
7.49623286543137	-9.69822925306613	4.85503405493939	8.90089889960544
7.50623286543137	-9.69833494374781	4.94355813071128	8.80391607862137
7.51623286543137	-9.69844063442949	5.03111237298879	8.70693220073048
7.52623286543137	-9.69854632511117	5.11769677120286	8.60994726593278
7.53623286543137	-9.69865201579285	5.20331131478442	8.51296127422826
7.54623286543137	-9.69875770647454	5.28795599316441	8.41597422561692
7.55623286543137	-9.69886339715622	5.37163079577374	8.31898612009877
7.56623286543137	-9.6989690878379	5.45433571204336	8.2219969576738
7.57623286543137	-9.69907477851958	5.53607073140419	8.12500673834201
7.58623286543137	-9.69918046920126	5.61683584328718	8.02801546210341
7.59623286543137	-9.69928615988294	5.69663103712324	7.93102312895799
7.60623286543137	-9.69939185056463	5.77545630234331	7.83402973890575
7.61623286543137	-9.69949754124631	5.85331162837833	7.73703529194669
7.62623286543137	-9.69960323192799	5.93019700465922	7.64003978808082
7.63623286543137	-9.69970892260967	6.00611242061692	7.54304322730813
7.64623286543137	-9.69981461329135	6.08105786568236	7.44604560962863
7.65623286543137	-9.69992030397304	6.15503332928647	7.34904693504231
7.66623286543137	-9.70002599465472	6.22803880086019	7.25204720354917
7.67623286543137	-9.7001316853364	6.30007426983443	7.15504641514921
7.68623286543137	-9.70023737601808	6.37113972564015	7.05804456984244
7.69623286543137	-9.70034306669976	6.44123515770826	6.96104166762885
7.70623286543137	-9.70044875738144	6.5103605554697	6.86403770850844
7.71623286543137	-9.70055444806313	6.57851590835541	6.76703269248122
7.72623286543137	-9.70066013874481	6.6457012057963	6.67002661954718
7.73623286543137	-9.70076582942649	6.71191643722333	6.57301948970633
7.74623286543137	-9.70087152010817	6.77716159206741	6.47601130295865
7.75623286543137	-9.70097721078985	6.84143665975948	6.37900205930416
7.76623286543137	-9.70108290147154	6.90474162973047	6.28199175874286
7.77623286543137	-9.70118859215322	6.96707649141131	6.18498040127473
7.78623286543137	-9.7012942828349	7.02844123423294	6.08796798689979
7.79623286543137	-9.70139997351658	7.08883584762629	5.99095451561803
7.80623286543137	-9.70150566419826	7.14826032102228	5.89393998742946
7.81623286543137	-9.70161135487995	7.20671464385185	5.79692440233407
7.82623286543136	-9.70171704556163	7.26419880554594	5.69990776033186
7.83623286543136	-9.70182273624331	7.32071279553547	5.60289006142284
7.84623286543136	-9.70192842692499	7.37625660325137	5.50587130560699
7.85623286543136	-9.70203411760667	7.43083021812458	5.40885149288434
7.86623286543136	-9.70213980828835	7.48443362958604	5.31183062325486
7.87623286543136	-9.70224549897004	7.53706682706666	5.21480869671857
7.88623286543136	-9.70235118965172	7.58872979999738	5.11778571327546
7.89623286543136	-9.7024568803334	7.63942253780915	5.02076167292554
7.90623286543136	-9.70256257101508	7.68914502993287	4.92373657566879
7.91623286543136	-9.70266826169676	7.7378972657995	4.82671042150523
7.92623286543136	-9.70277395237845	7.78567923483996	4.72968321043486
7.93623286543136	-9.70287964306013	7.83249092648517	4.63265494245766
7.94623286543136	-9.70298533374181	7.87833233016609	4.53562561757365
7.95623286543136	-9.70309102442349	7.92320343531362	4.43859523578283
7.96623286543136	-9.70319671510517	7.96710423135872	4.34156379708519
7.97623286543136	-9.70330240578685	8.01003470773231	4.24453130148073
7.98623286543136	-9.70340809646854	8.05199485386531	4.14749774896945
7.99623286543136	-9.70351378715022	8.09298465918867	4.05046313955135
8.00623286543136	-9.7036194778319	8.13300411313332	3.95342747322644
8.01623286543136	-9.70372516851358	8.17205320513018	3.85639074999472
8.02623286543136	-9.70383085919526	8.21013192461019	3.75935296985617
8.03623286543136	-9.70393654987694	8.24724026100428	3.66231413281081
8.04623286543136	-9.70404224055863	8.28337820374338	3.56527423885863
8.05623286543136	-9.70414793124031	8.31854574225843	3.46823328799964
8.06623286543136	-9.70425362192199	8.35274286598035	3.37119128023383
8.07623286543136	-9.70435931260367	8.38596956434008	3.2741482155612
8.08623286543136	-9.70446500328535	8.41822582676855	3.17710409398175
8.09623286543136	-9.70457069396704	8.44951164269669	3.08005891549549
8.10623286543136	-9.70467638464872	8.47982700155544	2.98301268010241
8.11623286543136	-9.7047820753304	8.50917189277572	2.88596538780252
8.12623286543136	-9.70488776601208	8.53754630578847	2.7889170385958
8.13623286543136	-9.70499345669376	8.56495023002461	2.69186763248227
8.14623286543136	-9.70509914737545	8.59138365491509	2.59481716946193
8.15623286543136	-9.70520483805713	8.61684656989083	2.49776564953477
8.16623286543136	-9.70531052873881	8.64133896438276	2.40071307270079
8.17623286543136	-9.70541621942049	8.66486082782182	2.30365943895999
8.18623286543136	-9.70552191010217	8.68741214963894	2.20660474831238
8.19623286543136	-9.70562760078385	8.70899291926504	2.10954900075795
8.20623286543136	-9.70573329146553	8.72960312613107	2.0124921962967
8.21623286543136	-9.70583898214722	8.74924275966796	1.91543433492864
8.22623286543136	-9.7059446728289	8.76791180930663	1.81837541665376
8.23623286543136	-9.70605036351058	8.78561026447801	1.72131544147206
8.24623286543136	-9.70615605419226	8.80233811461304	1.62425440938354
8.25623286543136	-9.70626174487395	8.81809534914266	1.52719232038821
8.26623286543136	-9.70636743555563	8.83288195749778	1.43012917448606
8.27623286543136	-9.70647312623731	8.84669792910936	1.3330649716771
8.28623286543136	-9.70657881691899	8.8595432534083	1.23599971196132
8.29623286543135	-9.70668450760067	8.87141791982556	1.13893339533872
8.30623286543135	-9.70679019828235	8.88232191779205	1.04186602180931
8.31623286543135	-9.70689588896404	8.89225523673872	0.944797591373073
8.32623286543135	-9.70700157964572	8.90121786609649	0.847728104030025
8.33623286543135	-9.7071072703274	8.9092097952963	0.750657559780159
8.34623286543135	-9.70721296100908	8.91623101376908	0.653585958623476
8.35623286543135	-9.70731865169076	8.92228151094575	0.556513300559977
8.36623286543135	-9.70742434237244	8.92736127625725	0.459439585589661
8.37623286543135	-9.70753003305413	8.93147029913452	0.362364813712528
8.38623286543135	-9.70763572373581	8.93460856900848	0.265288984928579
8.39623286543135	-9.70774141441749	8.93677607531007	0.168212099237812
8.40623286543135	-9.70784710509917	8.93797280747021	0.0711341566402289
8.41623286543135	-9.70795279578085	8.93819875491985	-0.0259448428641712
8.42623286543135	-9.70805848646254	8.93745390708991	-0.123024899275388
8.43623286543135	-9.70816417714422	8.93573825341132	-0.220106012593422
8.44623286543135	-9.7082698678259	8.93305178331502	-0.317188182818273
8.45623286543135	-9.70837555850758	8.92939448623193	-0.41427140994994
8.46623286543135	-9.70848124918926	8.92476635159299	-0.511355693988424
8.47623286543135	-9.70858693987095	8.91916736882914	-0.608441034933725
8.48623286543135	-9.70869263055263	8.9125975273713	-0.705527432785843
8.49623286543135	-9.70879832123431	8.9050568166504	-0.802614887544778
8.50623286543135	-9.70890401191599	8.89654522609738	-0.899703399210529
8.51623286543135	-9.70900970259767	8.88706274514317	-0.996792967783098
8.52623286543135	-9.70911539327935	8.87660936321869	-1.09388359326248
8.53623286543135	-9.70922108396103	8.86518506975489	-1.19097527564868
8.54623286543135	-9.70932677464272	8.8527898541827	-1.2880680149417
8.55623286543135	-9.7094324653244	8.83942370593304	-1.38516181114154
8.56623286543135	-9.70953815600608	8.82508661443684	-1.48225666424819
8.57623286543135	-9.70964384668776	8.80977856912505	-1.57935257426166
8.58623286543135	-9.70974953736945	8.79349955942859	-1.67644954118195
8.59623286543135	-9.70985522805113	8.77624957477839	-1.77354756500905
8.60623286543135	-9.70996091873281	8.75802860460538	-1.87064664574297
8.61623286543135	-9.71006660941449	8.7388366383405	-1.96774678338371
8.62623286543135	-9.71017230009617	8.71867366541469	-2.06484797793126
8.63623286543135	-9.71027799077785	8.69753967525886	-2.16195022938563
8.64623286543135	-9.71038368145954	8.67543465730395	-2.25905353774682
8.65623286543135	-9.71048937214122	8.6523586009809	-2.35615790301482
8.66623286543135	-9.7105950628229	8.62831149572063	-2.45326332518964
8.67623286543135	-9.71026737376752	8.60329333782313	-2.55036769636344
8.68623286543135	-9.70991844800655	8.57730415330624	-2.64746862547231
8.69623286543135	-9.70956952224558	8.55034397694455	-2.74456606532357
8.70623286543135	-9.70922059648461	8.52241284363063	-2.84166001591722
8.71623286543135	-9.70887167072365	8.49351078825706	-2.93875047725326
8.72623286543135	-9.70852274496268	8.46363784571642	-3.0358374493317
8.73623286543135	-9.70817381920171	8.43279405090128	-3.13292093215252
8.74623286543135	-9.70782489344074	8.40097943870423	-3.23000092571573
8.75623286543135	-9.70747596767978	8.36819404401783	-3.32707743002133
8.76623286543134	-9.70712704191881	8.33443790173466	-3.42415044506933
8.77623286543134	-9.70677811615784	8.2997110467473	-3.52121997085971
8.78623286543134	-9.70642919039688	8.26401351394832	-3.61828600739248
8.79623286543134	-9.70608026463591	8.22734533823031	-3.71534855466765
8.80623286543134	-9.70573133887494	8.18970655448583	-3.8124076126852
8.81623286543134	-9.70538241311397	8.15109719760746	-3.90946318144515
8.82623286543134	-9.70503348735301	8.11151730248779	-4.00651526094748
8.83623286543134	-9.70468456159204	8.07096690401937	-4.10356385119221
8.84623286543134	-9.70433563583107	8.0294460370948	-4.20060895217932
8.85623286543134	-9.7039867100701	7.98695473660665	-4.29765056390883
8.86623286543134	-9.70363778430914	7.94349303744748	-4.39468868638072
8.87623286543134	-9.70328885854817	7.89906097450989	-4.49172331959501
8.88623286543134	-9.7029399327872	7.85365858268644	-4.58875446355169
8.89623286543134	-9.70259100702623	7.80728589686972	-4.68578211825075
8.90623286543134	-9.70224208126527	7.75994295195229	-4.78280628369221
8.91623286543134	-9.7018931555043	7.71162978282673	-4.87982695987606
8.92623286543134	-9.70154422974333	7.66234642438562	-4.9768441468023
8.93623286543134	-9.70119530398236	7.61209291152154	-5.07385784447092
8.94623286543134	-9.7008463782214	7.56086927912706	-5.17086805288194
8.95623286543134	-9.70049745246043	7.50867556209476	-5.26787477203535
8.96623286543134	-9.70014852669946	7.45551179531722	-5.36487800193115
8.97623286543134	-9.6997996009385	7.401378013687	-5.46187774256934
8.98623286543134	-9.69945067517753	7.34627425209669	-5.55887399394992
8.99623286543134	-9.69910174941656	7.29020054543886	-5.65586675607289
9.00623286543134	-9.69875282365559	7.23315692860609	-5.75285602893825
9.01623286543134	-9.69840389789463	7.17514343649095	-5.84984181254601
9.02623286543134	-9.69805497213366	7.11616010398603	-5.94682410689615
9.03623286543134	-9.69770604637269	7.05620696598389	-6.04380291198868
9.04623286543134	-9.69735712061172	6.99528405737711	-6.1407782278236
9.05623286543134	-9.69700819485075	6.93339141305828	-6.23775005440091
9.06623286543134	-9.69665926908979	6.87052906791995	-6.33471839172061
9.07623286543134	-9.69631034332882	6.80669705685472	-6.43168323978271
9.08623286543134	-9.69596141756785	6.74189541475516	-6.52864459858719
9.09623286543134	-9.69561249180689	6.67612417651384	-6.62560246813406
9.10623286543134	-9.69526356604592	6.60938337702334	-6.72255684842333
9.11623286543134	-9.69491464028495	6.54167305117623	-6.81950773945498
9.12623286543134	-9.69456571452399	6.4729932338651	-6.91645514122903
9.13623286543134	-9.69421678876302	6.40334395998251	-7.01339905374546
9.14623286543134	-9.69386786300205	6.33272526442104	-7.11033947700429
9.15623286543134	-9.69351893724108	6.26113718207328	-7.2072764110055
9.16623286543134	-9.69317001148011	6.18857974783179	-7.30420985574911
9.17623286543134	-9.69282108571915	6.11505299658916	-7.40113981123511
9.18623286543134	-9.69247215995818	6.04055696323795	-7.49806627746349
9.19623286543134	-9.69212323419721	5.96509168267075	-7.59498925443427
9.20623286543134	-9.69177430843624	5.88865718978012	-7.69190874214744
9.21623286543134	-9.69142538267528	5.81125351945866	-7.78882474060299
9.22623286543134	-9.69107645691431	5.73288070659892	-7.88573724980094
9.23623286543133	-9.69072753115334	5.6535387860935	-7.98264626974128
9.24623286543133	-9.69037860539238	5.57322779283496	-8.07955180042401
9.25623286543133	-9.69002967963141	5.49194776171587	-8.17645384184913
9.26623286543133	-9.68968075387044	5.40969872762883	-8.27335239401664
9.27623286543133	-9.68933182810947	5.3264807254664	-8.37024745692654
9.28623286543133	-9.68898290234851	5.24229379012116	-8.46713903057883
9.29623286543133	-9.68863397658754	5.15713795648568	-8.56402711497351
9.30623286543133	-9.68828505082657	5.07101325945255	-8.66091171011058
9.31623286543133	-9.6879361250656	4.98391973391433	-8.75779281599004
9.32623286543133	-9.68758719930464	4.89585741476361	-8.85467043261189
9.33623286543133	-9.68723827354367	4.80682633689295	-8.95154455997613
9.34623286543133	-9.6868893477827	4.71682653519494	-9.04841519808276
9.35623286543133	-9.68654042202173	4.62585804456215	-9.14528234693179
9.36623286543133	-9.68619149626077	4.53392089988716	-9.2421460065232
9.37623286543133	-9.6858425704998	4.44101513606255	-9.339006176857
9.38623286543133	-9.68549364473883	4.34714078798088	-9.43586285793319
9.39623286543133	-9.68514471897786	4.25229789053474	-9.53271604975178
9.40623286543133	-9.6847957932169	4.15648647861671	-9.62956575231275
9.41623286543133	-9.68444686745593	4.05970658711935	-9.72641196561612
9.42623286543133	-9.68409794169496	3.96195825093524	-9.82325468966187
9.43623286543133	-9.68374901593399	3.86324150495697	-9.92009392445001
9.44623286543133	-9.68340009017303	3.7635563840771	-10.0169296699806
9.45623286543133	-9.68305116441206	3.66290292318822	-10.1137619262535
9.46623286543133	-9.68270223865109	3.56128115718289	-10.2105906932688
9.47623286543133	-9.68235331289013	3.4586911209537	-10.3074159710265
9.48623286543133	-9.68200438712916	3.35513284939322	-10.4042377595266
9.49623286543133	-9.68165546136819	3.25060637739403	-10.5010560587691
9.50623286543133	-9.68130653560722	3.1451117398487	-10.597870868754
9.51623286543133	-9.68095760984626	3.03864897164981	-10.6946821894812
9.52623286543133	-9.68060868408529	2.93121810768993	-10.7914900209509
9.53623286543133	-9.68025975832432	2.82281918286165	-10.8882943631629
9.54623286543133	-9.67991083256335	2.71345223205753	-10.9850952161174
9.55623286543133	-9.67956190680239	2.60311729017016	-11.0818925798142
9.56623286543133	-9.67921298104142	2.4918143920921	-11.1786864542534
9.57623286543133	-9.67886405528045	2.37954357271595	-11.275476839435
9.58623286543133	-9.67851512951948	2.26630486693426	-11.372263735359
9.59623286543133	-9.67816620375852	2.15209830963963	-11.4690471420254
9.60623286543133	-9.67781727799755	2.03692393572461	-11.5658270594342
9.61623286543133	-9.67746835223658	1.9207817800818	-11.6626034875854
9.62623286543133	-9.67711942647562	1.80367187760376	-11.7593764264789
9.63623286543133	-9.67677050071465	1.68559426318308	-11.8561458761149
9.64623286543133	-9.67642157495368	1.56654897171233	-11.9529118364932
9.65623286543133	-9.67607264919271	1.44653603808408	-12.049674307614
9.66623286543133	-9.67572372343174	1.32555549719091	-12.1464332894771
9.67623286543133	-9.67537479767078	1.20360738392539	-12.2431887820826
9.68623286543133	-9.67502587190981	1.08069173318011	-12.3399407854305
9.69623286543133	-9.67467694614884	0.956808579847641	-12.4366892995208
9.70623286543132	-9.67432802038788	0.831957958820556	-12.5334343243535
9.71623286543132	-9.67397909462691	0.706139904991431	-12.6301758599285
9.72623286543132	-9.67363016886594	0.579354453252843	-12.726913906246
9.73623286543132	-9.67328124310497	0.451601638497369	-12.8236484633059
9.74623286543132	-9.67293231734401	0.322881495617585	-12.9203795311081
9.75623286543132	-9.67258339158304	0.193194059506066	-13.0171071096527
9.76623286543132	-9.67223446582207	0.0625393650553888	-13.1138311989398
9.77099346987211	-9.67206835606935	1.48882295381014e-12	-13.1598764858987
9.78099346987222	-9.67171943030838	0.104795414284815	10.4311822497871
9.79099346987222	-9.67137050454741	0.2086236566266	10.3344668001128
9.80099346987222	-9.67102157878645	0.311484761917929	10.2377548396961
9.81099346987222	-9.67067265302548	0.41337876505138	10.141046368537
9.82099346987222	-9.67032372726451	0.514305700919529	10.0443413866356
9.83099346987222	-9.66997480150355	0.614265604414951	9.94763989399175
9.84099346987222	-9.66962587574258	0.713258510430223	9.85094189060552
9.85099346987222	-9.66927694998161	0.81128445385792	9.7542473764769
9.86099346987222	-9.66892802422064	0.908343469590619	9.65755635160589
9.87099346987222	-9.66857909845968	1.0044355925209	9.56086881599249
9.88099346987222	-9.66823017269871	1.09956085754133	9.4641847696367
9.89099346987222	-9.66788124693774	1.19371929954449	9.36750421253851
9.90099346987222	-9.66753232117678	1.28691095342296	9.27082714469794
9.91099346987222	-9.66718339541581	1.37913585406931	9.17415356611498
9.92099346987222	-9.66683446965484	1.47039403637611	9.07748347678962
9.93099346987222	-9.66648554389387	1.56068553523596	8.98081687672188
9.94099346987222	-9.66613661813291	1.65001038554141	8.88415376591175
9.95099346987222	-9.66578769237194	1.73836862218505	8.78749414435922
9.96099346987222	-9.66543876661097	1.82576028005945	8.69083801206431
9.97099346987222	-9.66508984085	1.9121853940572	8.594185369027
9.98099346987222	-9.66474091508904	1.99764399907085	8.49753621524731
9.99099346987222	-9.66439198932807	2.082136129993	8.40089055072522
10.0009934698722	-9.6640430635671	2.16566182171622	8.30424837546075
10.0109934698722	-9.66369413780613	2.24822110913307	8.20760968945388
10.0209934698722	-9.66334521204517	2.32981402713615	8.11097449270462
10.0309934698722	-9.6629962862842	2.41044061061803	8.01434278521298
10.0409934698722	-9.66264736052323	2.49010089447127	7.91771456697894
10.0509934698722	-9.66229843476226	2.56879491358846	7.82108983800251
10.0609934698722	-9.6619495090013	2.64652270286218	7.7244685982837
10.0709934698722	-9.66160058324033	2.723284297185	7.62785084782249
10.0809934698722	-9.66125165747936	2.79907973144949	7.53123658661889
10.0909934698722	-9.66090273171839	2.87390904054823	7.4346258146729
10.1009934698722	-9.66055380595743	2.9477722593738	7.33801853198452
10.1109934698722	-9.66020488019646	3.02066942281878	7.24141473855375
10.1209934698722	-9.65985595443549	3.09260056577574	7.14481443438059
10.1309934698722	-9.65950702867453	3.16356572313725	7.04821761946504
10.1409934698722	-9.65915810291356	3.2335649297959	6.9516242938071
10.1509934698722	-9.65880917715259	3.30259822064425	6.85503445740677
10.1609934698722	-9.65846025139162	3.37066563057489	6.75844811026405
10.1709934698722	-9.65811132563065	3.43776719448039	6.66186525237894
10.1809934698722	-9.65776239986969	3.50390294725333	6.56528588375144
10.1909934698722	-9.65741347410872	3.56907292378628	6.46871000438155
10.2009934698722	-9.65706454834775	3.63327715897182	6.37213761426926
10.2109934698722	-9.65671562258679	3.69651568770252	6.27556871341459
10.2209934698722	-9.65636669682582	3.75878854487097	6.17900330181753
10.2309934698722	-9.65601777106485	3.82009576536973	6.08244137947807
10.2409934698722	-9.65566884530388	3.88043738409139	5.98588294639623
10.2509934698722	-9.65531991954292	3.93981343592852	5.889328002572
10.2609934698722	-9.65497099378195	3.99822395577369	5.79277654800537
10.2709934698722	-9.65462206802098	4.05566897851948	5.69622858269636
10.2809934698722	-9.65427314226002	4.11214853905847	5.59968410664495
10.2909934698722	-9.65392421649905	4.16766267228324	5.50314311985116
10.3009934698722	-9.65357529073808	4.22221141308636	5.40660562231497
10.3109934698722	-9.65322636497711	4.2757947963604	5.31007161403639
10.3209934698722	-9.65287743921614	4.32841285699794	5.21354109501543
10.3309934698722	-9.65252851345518	4.38006562989157	5.11701406525207
10.3409934698722	-9.65217958769421	4.43075314993384	5.02049052474633
10.3509934698722	-9.65183066193324	4.48047545201735	4.92397047349819
10.3609934698722	-9.65148173617228	4.52923257103467	4.82745391150766
10.3709934698722	-9.65113281041131	4.57702454187836	4.73094083877474
10.3809934698722	-9.65078388465034	4.62385139944102	4.63443125529943
10.3909934698722	-9.65043495888937	4.66971317861521	4.53792516108174
10.4009934698722	-9.65008603312841	4.71460991429351	4.44142255612165
10.4109934698722	-9.64973710736744	4.7585416413685	4.34492344041917
10.4209934698722	-9.64938818160647	4.80150839473275	4.2484278139743
10.4309934698722	-9.6490392558455	4.84351020927885	4.15193567678704
10.4409934698722	-9.64869033008454	4.88454711989935	4.05544702885739
10.4509934698722	-9.64834140432357	4.92461916148685	3.95896187018535
10.4609934698722	-9.6479924785626	4.96372636893392	3.86248020077092
10.4709934698722	-9.64764355280163	5.00186877713313	3.7660020206141
10.4809934698722	-9.64729462704067	5.03904642097706	3.66952732971488
10.4909934698722	-9.6469457012797	5.07525933535828	3.57305612807328
10.5009934698722	-9.64659677551873	5.11050755516938	3.47658841568929
10.5109934698722	-9.64624784975776	5.14479111530293	3.38012419256291
10.5209934698722	-9.6458989239968	5.1781100506515	3.28366345869413
10.5309934698722	-9.64554999823583	5.21046439610767	3.18720621408297
10.5409934698722	-9.64520107247486	5.24185418656402	3.09075245872942
10.5509934698722	-9.64485214671389	5.27227945691312	2.99430219263347
10.5609934698722	-9.64450322095293	5.30174024204754	2.89785541579514
10.5709934698722	-9.64415429519196	5.33023657685988	2.80141212821442
10.5809934698722	-9.64380536943099	5.35776849624269	2.7049723298913
10.5909934698722	-9.64345644367003	5.38433603508856	2.6085360208258
10.6009934698722	-9.64310751790906	5.40993922829007	2.5121032010179
10.6109934698722	-9.64275859214809	5.43457811073978	2.41567387046761
10.6209934698722	-9.64240966638712	5.45825271733028	2.31924802917494
10.6309934698722	-9.64206074062616	5.48096308295414	2.22282567713987
10.6409934698722	-9.64171181486519	5.50270924250393	2.12640681436242
10.6509934698722	-9.64136288910422	5.52349123087224	2.02999144084257
10.6609934698722	-9.64101396334325	5.54330908295164	1.93357955658033
10.6709934698722	-9.64066503758229	5.56216283363471	1.8371711615757
10.6809934698722	-9.64031611182132	5.58005251781402	1.74076625582868
10.6909934698722	-9.63996718606035	5.59697817038214	1.64436483933928
10.7009934698722	-9.63961826029938	5.61293982623166	1.54796691210748
10.7109934698722	-9.63926933453842	5.62793752025515	1.45157247413329
10.7209934698722	-9.63892040877745	5.64197128734519	1.35518152541671
10.7309934698722	-9.63857148301648	5.65504116239434	1.25879406595774
10.7409934698722	-9.63822255725552	5.6671471802952	1.16241009575638
10.7509934698722	-9.63787363149455	5.67828937594033	1.06602961481263
10.7609934698722	-9.63752470573358	5.68846778422231	0.969652623126489
10.7709934698722	-9.63717577997261	5.69768244003372	0.873279120697958
10.7809934698722	-9.63682685421164	5.70593337826713	0.776909107527037
10.7909934698722	-9.63647792845068	5.71322063381512	0.680542583613725
10.8009934698722	-9.63612900268971	5.71954424157026	0.584179548958023
10.8109934698722	-9.63578007692874	5.72490423642514	0.487820003559931
10.8209934698722	-9.63543115116778	5.72930065327232	0.391463947419448
10.8309934698722	-9.63508222540681	5.73273352700439	0.295111380536575
10.8409934698722	-9.63473329964584	5.73520289251391	0.198762302911312
10.8509934698722	-9.63438437388487	5.73670878469347	0.102416714543659
10.8609934698722	-9.63403544812391	5.73725123843564	0.00607461543361468
10.8709934698722	-9.63368652236294	5.736830288633	-0.0902639944188195
10.8809934698722	-9.63333759660197	5.73544597017812	-0.186599115013644
10.8909934698722	-9.632988670841	5.73309831796359	-0.282930746350859
10.9009934698722	-9.63263974508004	5.72978736688197	-0.379258888430464
10.9109934698722	-9.63229081931907	5.72551315182584	-0.47558354125246
10.9209934698722	-9.6319418935581	5.72027570768778	-0.571904704816846
10.9309934698722	-9.63159296779713	5.71407506936036	-0.668222379123622
10.9409934698722	-9.63124404203617	5.70691127173616	-0.764536564172788
10.9509934698722	-9.6308951162752	5.69878434970776	-0.860847259964345
10.9609934698722	-9.63054619051423	5.68969433816773	-0.957154466498292
10.9709934698722	-9.63019726475326	5.67964127200865	-1.05345818377463
10.9809934698722	-9.6298483389923	5.6686251861231	-1.14975841179336
10.9909934698722	-9.62949941323133	5.65664611540365	-1.24605515055448
11.0009934698722	-9.62915048747036	5.64370409474287	-1.34234840005798
11.0109934698722	-9.62880156170939	5.62979915903334	-1.43863816030388
11.0209934698722	-9.62845263594843	5.61493134316765	-1.53492443129217
11.0309934698722	-9.62810371018746	5.59910068203836	-1.63120721302285
11.0409934698722	-9.62775478442649	5.58230721053805	-1.72748650549592
11.0509934698722	-9.62740585866553	5.5645509635593	-1.82376230871138
11.0609934698722	-9.62705693290456	5.54583197599468	-1.92003462266923
11.0709934698722	-9.62670800714359	5.52615028273677	-2.01630344736947
11.0809934698722	-9.62635908138262	5.50550591867815	-2.1125687828121
11.0909934698722	-9.62601015562166	5.48389891871139	-2.20883062899712
11.1009934698722	-9.62566122986069	5.46132931772907	-2.30508898592454
11.1109934698722	-9.62531230409972	5.43779715062376	-2.40134385359434
11.1209934698722	-9.62496337833876	5.41330245228804	-2.49759523200653
11.1309934698722	-9.62461445257779	5.38784525761448	-2.59384312116111
11.1409934698722	-9.62426552681682	5.36142560149567	-2.69008752105809
11.1509934698722	-9.62391660105585	5.33404351882418	-2.78632843169745
11.1609934698722	-9.62356767529488	5.30569904449258	-2.8825658530792
11.1709934698722	-9.62321874953392	5.27639221339346	-2.97879978520335
11.1809934698722	-9.62286982377295	5.24612306041938	-3.07503022806988
11.1909934698722	-9.62252089801198	5.21489162046292	-3.17125718167881
11.2009934698722	-9.62217197225101	5.18269792841666	-3.26748064603012
11.2109934698722	-9.62182304649005	5.14954201917317	-3.36370062112383
11.2209934698722	-9.62147412072908	5.11542392762504	-3.45991710695992
11.2309934698722	-9.62112519496811	5.08034368866483	-3.55613010353841
11.2409934698722	-9.62077626920714	5.04430133718513	-3.65233961085928
11.2509934698722	-9.62042734344618	5.00729690807851	-3.74854562892255
11.2609934698722	-9.62007841768521	4.96933043623754	-3.84474815772821
11.2709934698722	-9.61972949192424	4.9304019565548	-3.94094719727626
11.2809934698722	-9.61938056616328	4.89051150392287	-4.03714274756669
11.2909934698722	-9.61903164040231	4.84965911323433	-4.13333480859952
11.3009934698722	-9.61868271464134	4.80784481938174	-4.22952338037474
11.3109934698722	-9.61833378888037	4.76506865725769	-4.32570846289235
11.3209934698722	-9.61798486311941	4.72133066175475	-4.42189005615235
11.3309934698722	-9.61763593735844	4.6766308677655	-4.51806816015474
11.3409934698722	-9.61728701159747	4.63096931018252	-4.61424277489952
11.3509934698722	-9.61693808583651	4.58434602389837	-4.71041390038669
11.3609934698722	-9.61658916007554	4.53676104380564	-4.80658153661625
11.3709934698722	-9.61624023431457	4.4882144047969	-4.9027456835882
11.3809934698722	-9.6158913085536	4.43870614176474	-4.99890634130254
11.3909934698722	-9.61554238279263	4.38823628960171	-5.09506350975927
11.4009934698722	-9.61519345703167	4.33680488320041	-5.19121718895839
11.4109934698722	-9.6148445312707	4.2844119574534	-5.2873673788999
11.4209934698722	-9.61449560550973	4.23105754725327	-5.3835140795838
11.4309934698722	-9.61414667974877	4.17674168749259	-5.4796572910101
11.4409934698722	-9.6137977539878	4.12146441306393	-5.57579701317878
11.4509934698722	-9.61344882822683	4.06522575885987	-5.67193324608985
11.4609934698722	-9.61309990246586	4.00802575977299	-5.76806598974332
11.4709934698722	-9.61275097670489	3.94986445069586	-5.86419524413917
11.4809934698722	-9.61240205094393	3.89074186652107	-5.96032100927741
11.4909934698722	-9.61205312518296	3.83065804214117	-6.05644328515805
11.5009934698722	-9.61170419942199	3.76961301244876	-6.15256207178107
11.5109934698722	-9.61135527366103	3.70760681233641	-6.24867736914649
11.5209934698722	-9.61100634790006	3.64463947669669	-6.34478917725429
11.5309934698722	-9.61065742213909	3.58071104042218	-6.44089749610449
11.5409934698722	-9.61030849637812	3.51582153840546	-6.53700232569708
11.5509934698722	-9.60995957061716	3.4499710055391	-6.63310366603205
11.5609934698722	-9.60961064485619	3.38315947671568	-6.72920151710942
11.5709934698722	-9.60926171909522	3.31538698682777	-6.82529587892918
11.5809934698722	-9.60891279333425	3.24665357076795	-6.92138675149132
11.5909934698722	-9.60856386757329	3.1769592634288	-7.01747413479586
11.6009934698722	-9.60821494181232	3.1063040997029	-7.11355802884279
11.6109934698722	-9.60786601605135	3.03468811448281	-7.20963843363211
11.6209934698722	-9.60751709029039	2.96211134266111	-7.30571534916382
11.6309934698722	-9.60716816452942	2.88857381913039	-7.40178877543792
11.6409934698722	-9.60681923876845	2.81407557878321	-7.4978587124544
11.6509934698722	-9.60647031300748	2.73861665651216	-7.59392516021328
11.6609934698722	-9.60612138724652	2.66219708720981	-7.68998811871455
11.6709934698722	-9.60577246148555	2.58481690576873	-7.78604758795821
11.6809934698722	-9.60542353572458	2.5064761470815	-7.88210356794426
11.6909934698722	-9.60507460996361	2.4271748460407	-7.97815605867271
11.7009934698722	-9.60472568420264	2.3469130375389	-8.07420506014354
11.7109934698722	-9.60437675844168	2.26569075646869	-8.17025057235676
11.7209934698722	-9.60402783268071	2.18350803772263	-8.26629259531237
11.7309934698722	-9.60367890691975	2.1003649161933	-8.36233112901037
11.7409934698722	-9.60332998115878	2.01626142677328	-8.45836617345076
11.7509934698722	-9.60298105539781	1.93119760435514	-8.55439772863355
11.7609934698722	-9.60263212963684	1.84517348383147	-8.65042579455872
11.7709934698722	-9.60228320387587	1.75818910009483	-8.74645037122628
11.7809934698722	-9.60193427811491	1.6702444880378	-8.84247145863624
11.7909934698722	-9.60158535235394	1.58133968255296	-8.93848905678858
11.8009934698722	-9.60123642659297	1.49147471853289	-9.03450316568332
11.8109934698722	-9.60088750083201	1.40064963087015	-9.13051378532044
11.8209934698722	-9.60053857507104	1.30886445445734	-9.22652091569996
11.8309934698722	-9.60018964931007	1.21611922418701	-9.32252455682186
11.8409934698722	-9.5998407235491	1.12241397495176	-9.41852470868616
11.8509934698722	-9.59949179778813	1.02774874164415	-9.51452137129284
11.8609934698722	-9.59914287202717	0.93212355915676	-9.61051454464192
11.8709934698722	-9.5987939462662	0.835538462382169	-9.70650422873339
11.8809934698722	-9.59844502050523	0.737993486212951	-9.80249042356725
11.8909934698722	-9.59809609474427	0.639488665541683	-9.89847312914349
11.9009934698722	-9.5977471689833	0.54002403526094	-9.99445234546213
11.9109934698722	-9.59739824322233	0.439599630263299	-10.0904280725232
11.9209934698722	-9.59704931746136	0.338215485441335	-10.1864003103266
11.9309934698722	-9.5967003917004	0.235871635687626	-10.2823690588724
11.9409934698722	-9.59635146593943	0.132568115894746	-10.3783343181606
11.9509934698722	-9.59600254017846	0.0283049609552729	-10.4742960881912
11.9636924588632	-9.59555943973874	0.083521774127682	8.30419903402657
11.9736924588632	-9.59521051397777	0.16608399231139	8.20824518425799
11.9836924588632	-9.5948615882168	0.2476866894437	8.11229482374701
11.9936924588632	-9.59451266245584	0.328329900417189	8.01634795249365
12.0036924588632	-9.59416373669487	0.408013660124432	7.9204045704979
12.0136924588632	-9.5938148109339	0.486738003458006	7.82446467775975
12.0236924588632	-9.59346588517294	0.564502965310486	7.72852827427922
12.0336924588632	-9.59311695941197	0.641308580574449	7.6325953600563
12.0436924588632	-9.592768033651	0.71715488414247	7.53666593509098
12.0536924588632	-9.59241910789003	0.792041910907127	7.44073999938328
12.0636924588632	-9.59207018212907	0.865969695760995	7.34481755293318
12.0736924588632	-9.5917212563681	0.938938273596649	7.2488985957407
12.0836924588632	-9.59137233060713	1.01094767930667	7.15298312780582
12.0936924588632	-9.59102340484616	1.08199794778362	7.05707114912855
12.1036924588632	-9.5906744790852	1.1520891139201	6.9611626597089
12.1136924588632	-9.59032555332423	1.22122121260866	6.86525765954685
12.1236924588632	-9.58997662756326	1.28939427874189	6.76935614864241
12.1336924588632	-9.58962770180229	1.35660834721237	6.67345812699558
12.1436924588632	-9.58927877604133	1.42286345291266	6.57756359460637
12.1536924588632	-9.58892985028036	1.48815963073535	6.48167255147476
12.1636924588632	-9.58858092451939	1.55249691557302	6.38578499760076
12.1736924588632	-9.58823199875843	1.61587534231823	6.28990093298437
12.1836924588632	-9.58788307299746	1.67829494586356	6.19402035762559
12.1936924588632	-9.58753414723649	1.7397557611016	6.09814327152442
12.2036924588632	-9.58718522147552	1.80025782292491	6.00226967468086
12.2136924588632	-9.58683629571455	1.85980116622607	5.90639956709491
12.2236924588632	-9.58648736995359	1.91838582589767	5.81053294876657
12.2336924588632	-9.58613844419262	1.97601183683226	5.71466981969584
12.2436924588632	-9.58578951843165	2.03267923392244	5.61881017988272
12.2536924588632	-9.58544059267068	2.08838805206078	5.5229540293272
12.2636924588632	-9.58509166690972	2.14313832613984	5.4271013680293
12.2736924588632	-9.58474274114875	2.19693009105222	5.33125219598901
12.2836924588632	-9.58439381538778	2.24976338169048	5.23540651320633
12.2936924588632	-9.58404488962682	2.30163823294721	5.13956431968125
12.3036924588632	-9.58369596386585	2.35255467971497	5.04372561541379
12.3136924588632	-9.58334703810488	2.40251275688634	4.94789040040394
12.3236924588632	-9.58299811234392	2.4515124993539	4.85205867465169
12.3336924588632	-9.58264918658295	2.49955394201023	4.75623043815706
12.3436924588632	-9.58230026082198	2.5466371197479	4.66040569092003
12.3536924588632	-9.58195133506101	2.59276206745949	4.56458443294062
12.3636924588632	-9.58160240930004	2.63792882003758	4.46876666421881
12.3736924588632	-9.58125348353908	2.68213741237473	4.37295238475462
12.3836924588632	-9.58090455777811	2.72538787936353	4.27714159454803
12.3936924588632	-9.58055563201714	2.76768025589655	4.18133429359906
12.4036924588632	-9.58020670625617	2.80901457686637	4.08553048190769
12.4136924588632	-9.57985778049521	2.84939087716556	3.98973015947393
12.4236924588632	-9.57950885473424	2.8888091916867	3.89393332629779
12.4336924588632	-9.57915992897327	2.92726955532237	3.79813998237925
12.4436924588632	-9.57881100321231	2.96477200296515	3.70235012771832
12.4536924588632	-9.57846207745134	3.0013165695076	3.606563762315
12.4636924588632	-9.57811315169037	3.03690328984231	3.51078088616929
12.4736924588632	-9.5777642259294	3.07153219886184	3.4150014992812
12.4836924588632	-9.57741530016844	3.10520333145879	3.31922560165071
12.4936924588632	-9.57706637440747	3.13791672252572	3.22345319327783
12.5036924588632	-9.5767174486465	3.1696724069552	3.12768427416256
12.5136924588632	-9.57636852288553	3.20047041963983	3.0319188443049
12.5236924588632	-9.57601959712457	3.23031079547216	2.93615690370485
12.5336924588632	-9.5756706713636	3.25919356934478	2.84039845236241
12.5436924588632	-9.57532174560263	3.28711877615027	2.74464349027757
12.5536924588632	-9.57497281984166	3.31408645078119	2.64889201745035
12.5636924588632	-9.5746238940807	3.34009662813013	2.55314403388074
12.5736924588632	-9.57427496831973	3.36514934308967	2.45739953956874
12.5836924588632	-9.57392604255876	3.38924463055237	2.36165853451435
12.5936924588632	-9.57357711679779	3.41238252541081	2.26592101871756
12.6036924588632	-9.57322819103683	3.43456306255758	2.17018699217839
12.6136924588632	-9.57287926527586	3.45578627688524	2.07445645489683
12.6236924588632	-9.57253033951489	3.47605220328637	1.97872940687287
12.6336924588632	-9.57218141375392	3.49536087665355	1.88300584810653
12.6436924588632	-9.57183248799296	3.51371233187936	1.78728577859779
12.6536924588632	-9.57148356223199	3.53110660385637	1.69156919834667
12.6636924588632	-9.57113463647102	3.54754372747715	1.59585610735315
12.6736924588632	-9.57078571071006	3.56302373763429	1.50014650561725
12.6836924588632	-9.57043678494909	3.57754666922036	1.40444039313895
12.6936924588632	-9.57008785918812	3.59111255712793	1.30873776991827
12.7036924588632	-9.56973893342715	3.60372143624958	1.21303863595519
12.7136924588632	-9.56939000766618	3.61537334147789	1.11734299124972
12.7236924588632	-9.56904108190522	3.62606830770543	1.02165083580187
12.7336924588632	-9.56869215614425	3.63580636982479	0.92596216961162
12.7436924588632	-9.56834323038328	3.64458756272852	0.830276992678983
12.7536924588632	-9.56799430462232	3.65241192130922	0.734595305003955
12.7636924588632	-9.56764537886135	3.65927948045946	0.638917106586537
12.7736924588632	-9.56729645310038	3.66519027507181	0.543242397426728
12.7836924588632	-9.56694752733941	3.67014434003886	0.447571177524529
12.7936924588632	-9.56659860157844	3.67414171025316	0.35190344687994
12.8036924588632	-9.56624967581748	3.67718242060731	0.25623920549296
12.8136924588632	-9.56590075005651	3.67926650599388	0.16057845336359
12.8236924588632	-9.56555182429554	3.68039400130544	0.0649211904918299
12.8336924588632	-9.56520289853458	3.68056494143458	-0.0307325831223207
12.8436924588632	-9.56485397277361	3.67977936127386	-0.126382867478862
12.8536924588632	-9.56450504701264	3.67803729571586	-0.222029662577793
12.8636924588632	-9.56415612125167	3.67533877965316	-0.317672968419115
12.8736924588632	-9.56380719549071	3.67168384797833	-0.413312785002826
12.8836924588632	-9.56345826972974	3.66707253558396	-0.508949112328929
12.8936924588632	-9.56310934396877	3.66150487736261	-0.604581950397421
12.9036924588632	-9.56276041820781	3.65498090820687	-0.700211299208304
12.9136924588632	-9.56241149244684	3.64750066300931	-0.795837158761577
12.9236924588632	-9.56206256668587	3.6390641766625	-0.891459529057241
12.9336924588632	-9.5617136409249	3.62967148405902	-0.987078410095295
12.9436924588632	-9.56136471516394	3.61932262009145	-1.08269380187574
12.9536924588632	-9.56101578940297	3.60801761965236	-1.17830570439857
12.9636924588632	-9.560666863642	3.59575651763434	-1.2739141176638
12.9736924588632	-9.56031793788103	3.58253934892995	-1.36951904167141
12.9836924588632	-9.55996901212007	3.56836614843177	-1.46512047642142
12.9936924588632	-9.5596200863591	3.55323695103238	-1.56071842191382
13	-9.5594	3.5432024917406	-1.62101542475873
